-2.040981596356069794e+00 1.121310224187812343e+00 -1.957907279817765911e+00
-2.098568323909975941e+00 1.098115204912825327e+00 -2.035685840849699613e+00
-2.102205156276788944e+00 8.798330687674674744e-01 -1.983193231354620112e+00
-2.261826918385211105e+00 7.962803407156029412e-01 -1.810491612059162980e+00
-2.153326160697559999e+00 5.308273908219366399e-01 -1.604198742745288619e+00
-2.059054908246008342e+00 4.557174799420517508e-01 -1.412736117662911628e+00
-1.830463624950258827e+00 2.289462130197487122e-01 -1.231299768704467335e+00
-1.674572021164485447e+00 2.975341050529718423e-01 -8.920058623764068884e-01
-1.313834358294367899e+00 2.091086141452271618e-01 -8.047701059686426239e-01
-1.178410183194693372e+00 1.690254171956010465e-01 -4.501842837310586209e-01
-8.307169806363997600e-01 8.610059475851862543e-02 -3.270500041627543153e-01
-8.778386003742864041e-01 6.215086125379309240e-03 3.316910983599830748e-02
-5.303366622443617118e-01 3.104355053591212679e-02 1.537381386743825185e-01
-3.529961035838687367e-01 -2.373119508260236252e-02 4.825466551547823446e-01
-2.594854422852301279e-01 3.386020550172545440e-01 5.336202790531741069e-01
-4.888748817365909383e-01 5.251983483725449764e-01 3.011188780973774182e-01
-8.255524975613545147e-01 4.638866064013489887e-01 1.383271047084534688e-01
-8.355468404148274075e-01 5.842866119541859637e-01 -2.218924544071551597e-01
-1.165589088112089833e+00 5.987525002666151952e-01 -4.096824494249582949e-01
-1.338563174085602547e+00 7.504488503257457088e-01 -7.114639794084384183e-01
-1.499135984187170534e+00 6.868317911807081400e-01 -1.046531702941939423e+00
-1.374513902093932538e+00 4.909574004621951038e-01 -1.345944953785245257e+00
-1.219609980218919310e+00 7.026527936155637644e-01 -1.621941204790352087e+00
-1.109007771507606099e+00 9.701526479695281591e-01 -1.382744328306825476e+00
-7.474277815611860554e-01 1.059975206138853210e+00 -1.357157491029335583e+00
-7.060658271166323496e-01 1.069466591932098254e+00 -9.849425170968160170e-01
-9.051660324866626084e-01 9.489086597230393938e-01 -6.805860253577787899e-01
-1.174433429867468792e+00 1.189675568550995433e+00 -5.625272881257530333e-01
-1.159277626818087104e+00 1.067660275660405667e+00 -2.063871170524956833e-01
-8.311697176025079070e-01 1.002321241650896200e+00 -2.695882787671668307e-02
-8.275825376567683689e-01 9.625303717778858070e-01 3.520145519983060023e-01
-6.406282778676903877e-01 7.675867886771814419e-01 6.290710456092472036e-01
-7.524850491341434910e-01 4.105943233721091601e-01 6.872583969861950637e-01
-8.203534325628016877e-01 4.599710294387577836e-01 1.056212266592626570e+00
-1.128983596639210552e+00 4.253986043981317633e-01 1.272845437393037793e+00
-1.144951075259912132e+00 5.914248389857389432e-01 1.608328085455280165e+00
-1.296098803706466907e+00 4.613388177360451259e-01 1.909157792629476713e+00
-1.353102179828195029e+00 6.433582129271213645e-01 2.228259934512462515e+00
-1.107038154347652403e+00 5.947991275856451265e-01 2.482328840041144069e+00
-1.329645991811982508e+00 6.223785642204991975e-01 2.750930252746749627e+00
-1.655878935133801022e+00 5.072979349667986471e-01 2.735073522964561299e+00
-1.819252206453944032e+00 7.196555284003199882e-01 2.896055772947805806e+00
-1.807260303128487289e+00 9.835406747066305355e-01 2.880678087424844769e+00
-1.797886257922734599e+00 1.147836633630602954e+00 2.789868913996354394e+00
-1.934653455139971667e+00 1.305002668040958547e+00 2.822774013939814086e+00
-2.010530708527019428e+00 1.430786725294672879e+00 2.511903845236381994e+00
-2.042129769038547149e+00 1.236024413545209422e+00 2.269258110338314260e+00
-2.133862858416079700e+00 1.287394773440607265e+00 2.156485972875932244e+00
-2.221431069015495918e+00 1.399144475496594042e+00 1.857824886670807141e+00
-2.131178963549090977e+00 1.131336817737345291e+00 1.650461902123447455e+00
-2.093693486270807202e+00 7.840138096590463235e-01 1.649997280429473578e+00
-1.798129333325114265e+00 7.200735218156859574e-01 1.451866353378405750e+00
-1.518620997860174349e+00 8.540332468544464817e-01 1.390302816931149543e+00
-1.350491709655367245e+00 7.621230471802428186e-01 1.064682480579595358e+00
-1.057865129884700384e+00 8.987388991702103258e-01 8.691704468419252372e-01
-9.891579947222416402e-01 1.264254190076221196e+00 8.870740990483362287e-01
-1.215488387807706294e+00 1.316052840505078425e+00 1.184068273785346737e+00
-1.041140952506924844e+00 1.036932843845850050e+00 1.364592492961652193e+00
-7.044666963649477420e-01 1.185663115069253815e+00 1.285923920853238922e+00
-8.157731823459221099e-01 1.522902233430486696e+00 1.414895175106688274e+00
-9.501952810242871861e-01 1.388174186429259382e+00 1.739406126428475474e+00
-6.657094516989545685e-01 1.145980019691187346e+00 1.806684716494133092e+00
-5.875060375784127986e-01 1.193425508423376691e+00 2.157315965684952541e+00
-9.296758255122929970e-01 1.181203731534203216e+00 2.278477175340457794e+00
-9.862919918075625514e-01 8.610669501453805941e-01 2.088741867259583884e+00
-7.934226920996374499e-01 5.465273890616907382e-01 2.033390150190081513e+00
-7.133697662583593502e-01 4.710516798889834433e-01 1.677040774736197504e+00
-7.517552120272533722e-01 1.346643283989719664e-01 1.511321425747392144e+00
-6.568628623090697616e-01 1.032997740699068828e-02 1.173171013280865482e+00
-8.975359527196867804e-01 -2.506653844602773074e-01 1.032551503184334862e+00
-6.282141545498782786e-01 -3.986451779043559962e-01 8.094134951767010255e-01
-3.258037528291785057e-01 -5.806042244953441012e-01 9.510934177313155047e-01
-4.919741936435926416e-02 -7.448575558236834038e-01 7.454531858142354750e-01
-2.360746657688382599e-01 -6.489051363042025455e-01 4.290816092822277161e-01
-5.441909624967824488e-01 -8.458367349103563804e-01 5.318821415580570200e-01
-8.727126429896884252e-01 -7.256057744189248204e-01 6.758421073066211981e-01
-9.007702188497842544e-01 -8.285791484010164298e-01 1.040490527514885910e+00
-1.185897300077484839e+00 -6.162056947901046744e-01 1.170208613611855242e+00
-1.494055420410372870e+00 -6.298355081673462363e-01 9.501464375317030253e-01
-1.735985105006588203e+00 -4.016728457700654564e-01 1.136388892896215586e+00
-1.467590863712359139e+00 -1.309805110646575232e-01 1.138253236660748735e+00
-1.404748211581011708e+00 -1.935910894380936387e-01 7.664218751141663732e-01
-1.780867585068617975e+00 -1.605064283069232434e-01 7.005894345803427292e-01
-1.763482995958648658e+00 1.830753322732208699e-01 8.684405013743223822e-01
-1.475867922862855508e+00 2.778077219547238630e-01 6.317696942961968931e-01
-1.683159705983431120e+00 1.699122618016086494e-01 3.277488359801485895e-01
-1.992668912166902340e+00 3.544995128769217740e-01 4.603158116486454898e-01
-1.782910885076091523e+00 6.692772802597837245e-01 5.098244518227132982e-01
-1.626380376749281931e+00 6.280254979234413115e-01 1.619324878296306280e-01
-1.953417783721299150e+00 5.960987363435833464e-01 -2.776875772139936541e-02
-2.202165084744047707e+00 8.096011402279222890e-01 1.610781877716361554e-01
-1.990794090078324308e+00 1.086589824933807291e+00 3.148324190846698567e-01
-1.674798226217970143e+00 1.135193292672698417e+00 1.083731953674106491e-01
-1.790489204670732803e+00 1.047805170470957670e+00 -2.455394291179261168e-01
-2.160804012477109293e+00 1.114630459169280607e+00 -1.798486075265223472e-01
-2.285230751585483056e+00 8.326337604935661885e-01 -4.014620964045383933e-01
-2.521006069585006948e+00 5.393511162641141388e-01 -3.763433464554333807e-01
-2.344502177303165347e+00 2.035662183359276955e-01 -4.379432756185771547e-01
-2.679634537328244193e+00 6.347005124525488540e-02 -5.477030216908475024e-01
-2.649478349525513199e+00 2.449967456753389672e-01 -8.795849623910652060e-01
-2.277119818761442982e+00 1.930480411875764024e-01 -9.354147654073653451e-01
-2.081194423555019046e+00 -1.256221596196253343e-01 -1.022955303358486168e+00
-1.794294696536866907e+00 -1.411813098609347727e-01 -7.722188779744325604e-01
-1.435092898818632001e+00 -2.556391185371866825e-01 -8.265245330998236550e-01
-1.247070246083842537e+00 -3.567645487991398245e-01 -5.115779167202954003e-01
-8.825743812616018147e-01 -4.555845599073039542e-01 -4.705291836460391841e-01
-7.198824017978463496e-01 -7.311747826707916120e-01 -2.666314506645803828e-01
-3.722589138667409259e-01 -8.143065044747708203e-01 -1.420188381682126189e-01
-1.639452190419153077e-01 -1.103548964597112603e+00 -2.841099328845532179e-01
-2.652991840022903003e-01 -1.439505974366834584e+00 -1.317867265937859300e-01
-5.850426775558575931e-01 -1.310996026183057106e+00 2.725318744622514874e-02
-7.849159965284460139e-01 -1.584057263763153589e+00 2.130107103518293632e-01
-1.093350888184526637e+00 -1.729992647166490594e+00 4.421378771710946648e-02
-1.303273395035638549e+00 -1.656444535644875815e+00 3.514755325353389748e-01
-1.201279398550837207e+00 -1.287953229904505337e+00 3.397966559805183362e-01
-1.307200285000717166e+00 -1.266881497615307994e+00 -2.603809676260332787e-02
-1.640129671840917069e+00 -1.433141487057673080e+00 6.295715098289969558e-02
-1.700682503821572933e+00 -1.189661989093789840e+00 3.521753453508488230e-01
-1.614697386766653198e+00 -8.860900564269732493e-01 1.358172139510801513e-01
-1.853270496343146112e+00 -1.012780180790779472e+00 -1.361098865726872720e-01
-2.131581467134086250e+00 -1.068907409070431136e+00 1.186344159202879500e-01
-2.094674467429677556e+00 -7.172625565214412191e-01 2.679750921217017301e-01
-2.105569008265369302e+00 -5.539862637652120947e-01 -7.664956553110437165e-02
-2.420248141916948814e+00 -7.374885932335197847e-01 -1.904437640921977648e-01
-2.607030687099999522e+00 -7.491391720445474967e-01 1.426539108102019004e-01
-2.515893900679148310e+00 -4.224765992058951425e-01 3.164414369384214720e-01
-2.443368606004000299e+00 -1.878342734263095670e-01 2.880523726995601330e-02
-2.662304424438427741e+00 -3.551182413625242895e-01 -2.371139677662266465e-01
-2.425412038034205686e+00 -3.212779579935294283e-01 -5.338158644525207164e-01
-2.562482720084743537e+00 -4.186283523912422977e-01 -8.806722521912502266e-01
-2.235165589898659988e+00 -5.792267868042884071e-01 -9.825716400737798395e-01
-1.881410166449289267e+00 -6.036360615553841846e-01 -8.474748545971597657e-01
-1.533710399248249034e+00 -7.316165401030386706e-01 -9.243246215697642487e-01
-1.219512781716512562e+00 -7.984248188344200692e-01 -7.181051958593481777e-01
-8.669898437527702173e-01 -7.630667831512479848e-01 -8.534773642994902820e-01
-5.167871265958379201e-01 -8.019700092858298435e-01 -7.054889219169143688e-01
-3.239923726704768137e-01 -4.786438825875585223e-01 -6.274062984438394386e-01
1.140218797010954981e-03 -5.856069768611010806e-01 -7.987502105671806518e-01
-1.694305816447705115e-01 -6.742371441543155708e-01 -1.130464455195428819e+00
-3.418415273671805976e-01 -3.340114746743064744e-01 -1.141264805141254834e+00
-7.679551577255558197e-03 -1.601588238720303981e-01 -1.070995325462986925e+00
1.500843604950871102e-01 -3.541594260114445114e-01 -1.359925281481538573e+00
-1.431802008934874859e-01 -2.600755844808343431e-01 -1.588554511161152316e+00
-9.382125161544481451e-02 1.072229593373792006e-01 -1.495458565796352612e+00
2.692513192256040244e-01 7.151966546020392668e-02 -1.602459117092990271e+00
1.567717694470630307e-01 -6.878448971992455474e-02 -1.936999603026221095e+00
2.782344296629165048e-01 -4.214770517082357948e-01 -1.909862254453658093e+00
1.261033467869928093e-01 -7.677034134363186491e-01 -1.877471505248422767e+00
4.394639082516180739e-01 -9.560309349845982352e-01 -1.769420824849937235e+00
6.824641801288738874e-01 -8.591387890674836436e-01 -1.494285612721742540e+00
7.772828132370734888e-01 -8.876711761170134052e-01 -1.130902295658972267e+00
6.188802326474536208e-01 -6.327035317281280991e-01 -9.000783472440515576e-01
7.758351341122708966e-01 -5.169536613711809281e-01 -5.743490761842683368e-01
4.888567161420274143e-01 -3.539993391982271254e-01 -3.856535053113255285e-01
5.523015359161151938e-01 -1.884678297693593296e-01 -5.052083159007347141e-02
2.851319288183951639e-01 2.218222358890164017e-02 1.167578900006652071e-01
2.176877961466836542e-01 1.037262152405957483e-01 4.768269978118070962e-01
1.340006130931144235e-01 -2.514251192521734790e-01 5.785921578945452115e-01
3.352118158177440077e-01 -5.167677220934160376e-01 4.115506679522715761e-01
5.918450296299005986e-01 -5.707947003547747533e-01 1.337678207059977697e-01
5.213884672594041314e-01 -8.261878093323993255e-01 -1.406588852060090822e-01
7.036459255181465311e-01 -9.612232264376256996e-01 -4.421891602924712394e-01
4.538163416596291411e-01 -1.077589122768448204e+00 -7.043428580885874313e-01
5.689646733490046904e-01 -1.238009584588041223e+00 -1.034587341494217494e+00
3.094340309659274757e-01 -1.191567192818953735e+00 -1.309541929967137364e+00
3.100994683639647365e-01 -1.364475476599468884e+00 -1.648449366324411081e+00
5.329523449086139009e-02 -1.261483370903049517e+00 -1.911929223494172270e+00
-1.792250969383041015e-01 -1.091101819070532164e+00 -1.662652759837240479e+00
-1.790927112070537786e-01 -1.375146766250558095e+00 -1.411720490725572263e+00
2.039388428095922912e-02 -1.404468716729641464e+00 -1.091952592509989772e+00
2.244851618245989888e-01 -1.719780275863033170e+00 -1.060642376288556843e+00
1.288842501290337061e-01 -1.930041685468780743e+00 -7.712752001293884385e-01
3.890307561682245785e-01 -2.066897072139664004e+00 -5.755429042311861476e-01
6.305227921960185888e-01 -1.782183476710049730e+00 -6.277368454180377588e-01
4.687071343174492588e-01 -1.491957468328888092e+00 -4.382834809142204802e-01
6.906149879902389044e-01 -1.383854511205403703e+00 -1.481315635046658585e-01
6.328824704943005752e-01 -1.149751390581907007e+00 1.439955876854775996e-01
8.399920649105545589e-01 -9.345927870294911122e-01 3.765370614927221471e-01
6.645922067555748436e-01 -8.190238374942262478e-01 6.912372397663575363e-01
8.320926466573898006e-01 -4.866186561665256094e-01 7.101375943271297508e-01
6.906642236873868912e-01 -1.846903571560041535e-01 5.308107374551473967e-01
6.132979875823011406e-01 1.834459300851414287e-01 5.842549080651362470e-01
4.506814739792128766e-01 1.584959218101994471e-01 9.277966922972953334e-01
7.509885832384144422e-01 -2.049298337282277546e-02 1.075975790317993175e+00
9.851341863849305547e-01 2.323383419642755521e-01 9.148000941334213376e-01
7.922141903405252039e-01 5.179407687963256679e-01 1.087076974094138837e+00
8.397127702180352538e-01 3.386468829247714085e-01 1.419915537853472909e+00
1.209732249206892485e+00 2.736535535595492341e-01 1.345229960558128157e+00
1.262635375563619267e+00 6.405698603614498055e-01 1.255053674650647322e+00
1.095838090739419846e+00 7.391693031269768177e-01 1.582968615933102674e+00
1.334790165474537327e+00 5.039557532423628583e-01 1.766845592458173630e+00
1.651756395020902435e+00 6.459550432901763894e-01 1.607811531832137542e+00
1.532775580571921203e+00 1.003167756415616507e+00 1.663165085196965043e+00
1.507282053546776357e+00 9.176874267753825087e-01 2.030283206101072047e+00
1.868248302886155621e+00 8.041514936508875611e-01 2.016998240004733489e+00
1.965861997005073913e+00 1.161524362409485089e+00 1.935156408349332002e+00
1.766892801239462463e+00 1.273861057737461833e+00 2.235924629025415111e+00
1.444192646450804363e+00 1.395467166808438630e+00 2.089305325364328336e+00
1.130768889252213638e+00 1.290654624929693739e+00 2.266278186812653139e+00
8.427930714146014690e-01 1.188379436571760595e+00 2.046052180549595700e+00
5.864244809536366398e-01 9.669682640803278773e-01 2.207323142461261600e+00
2.323609910119455446e-01 1.043747822689338633e+00 2.099724797023576617e+00
2.678595803483125454e-02 9.474462487619876860e-01 1.795280861101658632e+00
3.094881255998982450e-02 1.308067721789364812e+00 1.680477314925165055e+00
4.081598976180068616e-01 1.313951576227040619e+00 1.710850087275197273e+00
4.277155829671015486e-01 9.894962690838486896e-01 1.514490248717739851e+00
2.527103029007380375e-01 1.172170724011184051e+00 1.228408399969932452e+00
5.264330411915532082e-01 1.433808859319897877e+00 1.229569019608035774e+00
7.837424892901186935e-01 1.150337344629546177e+00 1.215936551863596504e+00
5.935845041958596191e-01 1.015898191651143367e+00 9.143868310879629258e-01
6.264196164695038371e-01 1.361336179097050403e+00 7.506158699474001494e-01
1.005330565354719097e+00 1.357341836567918847e+00 8.192121678822688047e-01
1.023380077433155622e+00 1.009004651794882967e+00 6.610948419423714473e-01
8.572357523824770675e-01 1.127191989842710074e+00 3.395534230163244627e-01
1.058381295720086435e+00 1.449054356918444642e+00 3.094724595452759686e-01
1.409930753345978838e+00 1.390297617462768809e+00 4.388810392994815790e-01
1.506719997538494393e+00 1.022852761502808683e+00 4.014876153798029312e-01
1.707559893201767265e+00 8.693303473741506027e-01 1.161789107271802707e-01
1.877039977973858242e+00 5.405990602134379541e-01 2.330972130207661572e-02
2.254722136550840528e+00 5.227943872220086607e-01 3.937400968764839804e-02
2.420560916647040539e+00 3.839654009990182137e-01 -2.718577514842002163e-01
2.700217806110101204e+00 2.678418089983810590e-01 -5.451310711246296070e-02
2.630869004104868569e+00 2.859688365511430241e-01 3.197012709450745560e-01
2.990576700633640339e+00 3.060915119897615888e-01 4.338519868601401486e-01
3.065129035454028372e+00 5.978815712862136644e-01 2.109011305765055577e-01
2.764817577033405804e+00 7.858158822206834371e-01 3.362646903564761591e-01
2.865005044156220038e+00 7.159892955476963028e-01 6.928919683543438568e-01
3.211298216529729466e+00 8.425895269468959281e-01 6.246522093926875074e-01
3.066507158716293979e+00 1.157687754116292211e+00 4.828445893558752089e-01
2.853911640040506015e+00 1.195108053209919197e+00 7.857701938149740384e-01
3.150889542414457622e+00 1.157683856696183566e+00 1.012033385863534196e+00
3.340821560940664625e+00 1.420745639658489656e+00 8.327265821632674481e-01
3.066101394126578228e+00 1.648686310927980125e+00 8.079522988871170597e-01
2.893816650046480810e+00 1.822124725774129095e+00 6.880179783796387394e-01
2.651981220994112931e+00 1.889730787037593451e+00 5.174874119327466104e-01
2.435112517597942894e+00 1.594639213509735809e+00 5.298614841585829183e-01
2.252580783961017907e+00 1.712675286359416793e+00 8.354773769219805413e-01
1.920994876362416948e+00 1.872251976665415096e+00 7.477271094075668145e-01
1.669503476068717074e+00 2.064263052489578865e+00 9.545592396956330550e-01
1.301968037678261636e+00 2.015044737037602562e+00 1.015788039797364428e+00
1.080346512155067051e+00 2.259540155760235258e+00 1.199752311004539163e+00
8.173226884648263635e-01 2.131908052854013302e+00 1.436347158024256387e+00
4.724926794535740382e-01 2.296999409685841709e+00 1.466605297481231140e+00
5.375936150594564644e-01 2.474695895288440806e+00 1.781106424701706104e+00
8.540817356928842585e-01 2.575167783007395350e+00 1.663343462092749636e+00
1.135055020624155642e+00 2.407649322676636672e+00 1.756090615739283933e+00
1.389040787905092111e+00 2.304412660367689103e+00 1.503518559056859161e+00
1.538906487375736321e+00 1.956763655461226881e+00 1.498039121404950658e+00
1.822714298971815472e+00 1.827430266100859235e+00 1.281290439173511375e+00
1.868329351829486562e+00 1.481435179337195152e+00 1.138594643470214107e+00
2.172166878728380546e+00 1.341326213713396109e+00 9.620758174275522157e-01
2.279360383783110677e+00 9.811225543075510203e-01 9.688716157949797125e-01
1.916550617541326273e+00 8.933893089838987889e-01 1.049076316501354356e+00
1.816458095270106599e+00 9.936985001417998342e-01 6.931772558342805812e-01
1.986257901165667139e+00 6.953063793498741596e-01 5.262851807705264395e-01
1.976656492862842951e+00 4.615297322561499049e-01 8.275193952233267369e-01
1.595782551636177438e+00 4.375297400478548315e-01 8.119351868948101458e-01
1.544040277069960609e+00 2.898342387020375610e-01 4.579938264009848492e-01
1.849460941084269727e+00 6.344554535886703928e-02 4.959156018753397843e-01
1.631845077694336510e+00 -1.609105454784664213e-01 7.143609394080643327e-01
1.431830919908102739e+00 -2.546426457410864708e-01 4.036492597545922045e-01
1.750403535385001152e+00 -3.858166160361546360e-01 2.444821923855889645e-01
1.876484439000757343e+00 -5.436912365249044754e-01 5.650891844503473926e-01
1.616818246354573496e+00 -6.552709185947744874e-01 8.197371549252905343e-01
1.891086943839819234e+00 -7.566760752175180071e-01 1.058957635748589698e+00
1.908285951844748585e+00 -4.000410424312185742e-01 1.172861039167404140e+00
1.581193245582838358e+00 -4.473969044667218675e-01 1.346772779964710676e+00
1.663316989138209356e+00 -8.041587858388794530e-01 1.442412118217897055e+00
1.450160796971399657e+00 -9.768346677953568813e-01 1.193561621901006564e+00
1.562634331127543907e+00 -1.302679820710271219e+00 1.046338364973123936e+00
1.390648825506648922e+00 -1.252533962091464836e+00 7.144307854593441309e-01
1.562096003007298117e+00 -1.165813215183303608e+00 3.925198719428524274e-01
1.550780345062884535e+00 -8.168342578762954886e-01 2.494254586849903310e-01
1.395011946440582795e+00 -6.818328828242620210e-01 -6.492712347923040861e-02
1.674162298104958202e+00 -7.706113020427300953e-01 -3.081087710498340293e-01
1.698177956180589421e+00 -1.128869176567781185e+00 -1.892979208885041120e-01
1.320773258840189701e+00 -1.177603255981670927e+00 -1.835248895651061529e-01
1.299181922212481410e+00 -1.041103996867062342e+00 -5.401094414474658656e-01
1.575405865668843219e+00 -1.274955960258572274e+00 -6.592313248293362182e-01
1.427301779844194707e+00 -1.578549965050690451e+00 -4.819709632522278242e-01
1.088083528160174396e+00 -1.508974755032311599e+00 -6.414333311153517236e-01
1.249603188575837187e+00 -1.500629005844926755e+00 -9.884914455911590903e-01
1.455744637942211650e+00 -1.814192008831944314e+00 -9.200062739414124335e-01
1.155095423703756730e+00 -2.018172644596369469e+00 -8.093181373693744129e-01
9.888524140677013019e-01 -1.942346256712517150e+00 -1.142871334284472074e+00
1.059539482172370484e+00 -2.168206590167731651e+00 -1.441460431959231236e+00
1.369587378091652541e+00 -2.108521656145299961e+00 -1.653409967766634736e+00
1.200920128984030777e+00 -1.982202557001989440e+00 -1.968747990193763453e+00
1.002684263949557231e+00 -1.716609265543151075e+00 -1.789906424261376028e+00
1.289859061850877175e+00 -1.590809230759852255e+00 -1.575199566808399343e+00
1.445349348059468131e+00 -1.378066707319801854e+00 -1.849495102787249712e+00
1.129730190343798402e+00 -1.171486283162509690e+00 -1.888196548619302195e+00
1.103701851361650110e+00 -1.120283872940407655e+00 -1.510874440214409420e+00
1.464195013417430191e+00 -9.906232408177046977e-01 -1.493367205110115226e+00
1.389989297091161369e+00 -7.375822405631669021e-01 -1.767871222513819784e+00
1.067827322081193797e+00 -6.094085156800556069e-01 -1.608785051688762957e+00
1.107844112347968535e+00 -5.262696914401672199e-01 -1.238388323850623030e+00
8.318473206584264812e-01 -2.880574624141654105e-01 -1.130660812793863990e+00
8.414178365053568420e-01 -8.102490817849009042e-02 -8.136571913674554013e-01
5.031842195337342671e-01 -1.443982686522498151e-04 -6.583700701636806540e-01
3.654615833118893264e-01 1.796759194558676942e-01 -3.510468755639722938e-01
4.850535999919385888e-01 4.750385392455476752e-01 -1.486809710941243701e-01
7.549704392926804841e-01 2.974443441816333467e-01 5.024566318038315577e-02
9.404362602102461777e-01 2.366085581457640918e-01 -2.766186784067194426e-01
9.581001875395155354e-01 6.121364714511812188e-01 -3.369826819140718244e-01
1.276406444136601648e+00 6.909076104273332852e-01 -1.404534044330475184e-01
1.547692319956814888e+00 8.717616783590694807e-01 -3.474118200600462836e-01
1.815488460765795731e+00 6.351486301508041388e-01 -4.809819960609199585e-01
1.624787607740191042e+00 3.106964222464637104e-01 -4.239105753985970004e-01
1.623408439839398643e+00 1.937746011017474623e-01 -7.885105381802081093e-01
1.987768901308008651e+00 2.825170609767877483e-01 -8.311699983689743165e-01
2.077029946069565813e+00 8.617941173269533239e-02 -5.168868551815165580e-01
1.872603437592497144e+00 -2.094440443051135414e-01 -6.329340462538703971e-01
2.035427511989206462e+00 -2.069068877404977580e-01 -9.734877382993214479e-01
2.373127280941533801e+00 -1.803665997491842587e-01 -8.131804110793201534e-01
2.321724760320401870e+00 -4.627942120017307093e-01 -5.778835333340260894e-01
2.198846698937109156e+00 -6.920653133643476229e-01 -8.496398281432651078e-01
2.461075087193750122e+00 -5.806100896646014808e-01 -1.085988488733855561e+00
2.710081571007057377e+00 -6.646376804607002642e-01 -8.205621528450102176e-01
2.572972237158878794e+00 -1.003181916469835455e+00 -7.873863427096488010e-01
2.528586447222169742e+00 -1.036874230777930839e+00 -1.156266861190158979e+00
2.533679998870373318e+00 -1.288749763117604585e+00 -1.355740218047829737e+00
2.690219208081276125e+00 -1.249717129899340806e+00 -1.627684371779649641e+00
2.427171046630674400e+00 -1.304490770467833238e+00 -1.824120410367661149e+00
2.102324784673493152e+00 -1.152000855629809362e+00 -1.746648332051814467e+00
2.049331941747448038e+00 -8.301344912646156926e-01 -1.642631917512798356e+00
1.811773146926719757e+00 -6.587867041587662786e-01 -1.430424141584778930e+00
1.612536798801355253e+00 -3.683412773726695844e-01 -1.542706064168785973e+00
1.391779483160301867e+00 -1.601435167859400766e-01 -1.319076693189373151e+00
1.095466358978900212e+00 4.690658389576936142e-03 -1.478461012510998041e+00
9.207689124154906368e-01 2.132861322128287440e-01 -1.227262457360624337e+00
6.845848943785673990e-01 4.896935226381289863e-01 -1.289017397711308188e+00
7.974017763541081383e-01 8.133318652875325405e-01 -1.154687111648889930e+00
4.834668422832886781e-01 8.716570321859583581e-01 -9.728206561694924259e-01
3.499966199259730293e-01 5.621536076853516084e-01 -8.140098072528826334e-01
1.261523000691264218e-01 6.834345342521264133e-01 -5.349895674496284448e-01
-2.074377427431830512e-01 5.975024895697413907e-01 -6.852937129695259033e-01
-9.862450784030060702e-02 3.382218507893003379e-01 -9.461975695120672381e-01
-3.241328017893577162e-01 5.781201467812811801e-02 -8.175951774773522196e-01
-6.258737838029692080e-01 2.907599582490501544e-01 -8.295823300205198425e-01
-5.263881104252781107e-01 4.195167027200497611e-01 -1.178233693518152547e+00
-4.921048689713389823e-01 6.016540677541914323e-02 -1.302543342400577231e+00
-8.383148300176204160e-01 -1.342416905545799032e-02 -1.166926271252994196e+00
-9.740885793811189242e-01 2.991569641508331490e-01 -1.333439994674260998e+00
-8.385923898801064258e-01 1.884478415474533652e-01 -1.669957865398797203e+00
-9.652577805826885182e-01 -1.678210007505958890e-01 -1.617644565936855905e+00
-1.314384074943380609e+00 -5.687800591647271947e-02 -1.518742092047621117e+00
-1.338486602247674462e+00 1.683007985521944860e-01 -1.822105911272917877e+00
-1.273190709360137562e+00 -1.171847529466718829e-01 -2.060378343375726562e+00
-1.555488339712872037e+00 -2.565168183981538230e-01 -2.263015076724137487e+00
-1.458848027105398071e+00 -5.999743715153497137e-01 -2.199933633469646654e+00
-1.491303603002933187e+00 -5.547053645355033424e-01 -1.838939828960540757e+00
-1.859640034607381365e+00 -5.645847121857494599e-01 -1.849105455371393703e+00
-1.859114436712248963e+00 -9.264371489211482569e-01 -1.901409911928494623e+00
-1.619337397119622102e+00 -9.902134201552010850e-01 -1.623336375486863048e+00
-1.823462808388398360e+00 -8.376382947559432024e-01 -1.345239944164441592e+00
-2.017915365297379360e+00 -1.051104726954996016e+00 -1.101602255436211042e+00
-2.384242490939148418e+00 -9.745674560933162978e-01 -1.083939172718860977e+00
-2.619102073676278231e+00 -1.036208578395683366e+00 -8.035691209055951800e-01
-2.794970393960956478e+00 -1.302806075975079469e+00 -1.010067090333850892e+00
-2.472171324471263087e+00 -1.476802877559620919e+00 -1.058472832351880832e+00
-2.395392124185101945e+00 -1.438859730011201155e+00 -6.915832378797989177e-01
-2.729542107793183625e+00 -1.589555889492657137e+00 -6.167334756406300800e-01
-2.663012457094298568e+00 -1.879659111333190635e+00 -8.448720640584156394e-01
-2.312919145597492232e+00 -1.946441318221909578e+00 -7.618471413288320226e-01
-2.223070576625506334e+00 -1.791482217547028855e+00 -4.352218747156899048e-01
-1.889807631606973182e+00 -1.675576340155747967e+00 -3.175494852280492108e-01
-1.713924378841902296e+00 -1.886005998440622111e+00 -5.454397699419234469e-01
-1.812258174869722849e+00 -1.688964142627483733e+00 -8.460366236086344083e-01
-1.610889069936327855e+00 -1.410865535534825632e+00 -7.331009809722577319e-01
-1.324539709876929150e+00 -1.546760149258813888e+00 -8.153362765097572629e-01
-1.450009998492463925e+00 -1.700204460552180885e+00 -1.130466918223306916e+00
-1.297664228297733091e+00 -1.670661169480895492e+00 -1.201430228933200173e+00
-1.122279510880868303e+00 -1.721845071002840566e+00 -1.121395644851628237e+00
-8.505780441895758326e-01 -1.854440614356425598e+00 -1.020810014563866774e+00
