-2.280565222551078283e-02
7.179783399828017221e-02
4.014618407639602982e-01
2.483783349908392224e-01
2.152374502722068927e-01
4.915585725369950865e-01
1.550536121623340147e-01
3.333818029797824822e-01
-3.530736190125460805e-01
-5.642675084237561700e-01
2.032096495275434456e-01
-3.162198839272762907e-01
-2.993959504024449547e+00
2.857737744057050472e-02
-9.909692601385239330e-01
2.978006647430964549e+00
3.004415681305149244e-01
-4.922082742517849274e-01
-2.084616771576836669e+00
-1.476353510261958935e+00
-2.218821073114439546e+00
2.250611731344041466e+00
-4.821478592133010999e+00
-5.101245231971773819e-02
2.943669468048432769e+00
7.574538275526611075e-01
4.954095534937041911e+00
2.501535954005648321e+00
1.636042256504346981e-01
-1.217061928476009525e-01
2.739579204983840999e+00
3.878826782279884533e+00
-2.470528302585495162e+00
-1.050771428923134643e+01
6.614027612129102174e+00
6.011144982543816795e-01
-8.239907345849946108e-01
-2.779587138289132953e-02
-2.379752305532434331e-01
4.841114408906730837e+00
-2.140231581182479026e+00
3.945888708157934133e+00
3.477138354555822097e+00
-2.015322728818148779e+00
-2.976215168419551471e+00
1.743508595956336116e+00
-4.854004679919037279e-01
3.882897653013669625e+00
2.646117957296463263e+00
-1.499727385435773774e+00
-1.849729674613445063e+00
2.141018294853774151e+00
3.203089516480981391e+00
-2.460716302762664398e-01
-2.502923986755583030e-01
-4.466877071347897243e-01
4.445229611580546525e+00
-2.025782434898200091e+00
-1.091113342730429370e+00
-2.899057159724891530e-01
-1.156021416694447579e+00
2.352422585774636143e+00
-1.637268261253095991e+00
2.351484870842206920e+00
1.217971417247707411e+00
2.204040628300211857e+00
-2.053573127705075940e+00
1.036729599889233411e+00
-7.791843782884539937e-01
6.203776746537698061e-02
-1.679509117192385936e+00
-2.791246601975759245e-01
-7.156364121081549845e-01
-3.132133976120067942e+00
-1.719700712600031656e+00
-9.329132221846547779e-01
6.636034493806359791e-01
-1.845581807807445962e+00
-2.301114494896376872e+00
-6.540878640340940242e-01
-9.712630786496365687e-01
-2.533805646610390871e-01
-5.790315559309355820e+00
1.212145511093066341e+00
7.211705730934040437e-01
-2.571138670278660054e+00
-1.504625782290528013e+00
-1.211556853004903456e+00
-2.017870161187920619e+00
-1.993575052322597685e+00
2.289761878652633698e+00
1.221015878487253570e+00
-1.978505108409492008e+00
-2.502850749503962469e+00
-8.302209616642751699e-01
-1.129812650847400235e+00
-1.573660281849618592e+00
1.404289726006677785e+00
-2.791871441525591191e+00
-6.517385172072633903e-01
-6.503715202811999330e-01
-2.291084251435580477e+00
1.860946042902384967e+00
-1.779488364773047282e+00
-4.165663724520444755e-01
2.637391698930461548e+00
-1.381628057826557843e+00
-1.010909740147001523e+00
5.269613991433520495e-01
1.406062614153370083e+00
2.195840514838680591e+00
1.309519221180098558e+00
9.873360258912529108e-01
1.013750180331362660e+00
8.133861299581468529e-01
1.022512017795228045e+00
-1.708677798715876550e+00
2.726326555171031396e-01
1.705703530781205624e+00
-3.609531475187289784e-01
-1.448096470068018504e-01
4.312040895024915610e-01
-1.426031756441288600e-01
-3.270077053895441010e-01
-2.218231246465257045e-01
9.669959561830206163e-03
9.990229826694896342e-03
-2.859900756907532982e-01
1.510127422290572508e-01
-6.794504647130653607e-01
-3.635618931183953184e-01
3.304205183866838480e-01
-3.532479581990569661e-01
-6.199246176983607137e-01
6.394828054839057918e-01
-3.901569336115056630e-01
3.545458222237315993e-02
7.654511219654603904e-01
-1.377519773200162057e-01
-5.235473191547213023e-01
3.835096042368398850e-01
1.418486410800902098e-01
-2.044489238204181825e-01
-4.229893947888841987e-01
-9.668681278692403680e-02
-1.513080576764628260e-01
-5.081995194227283408e-01
2.149999547060601479e-01
-2.180542151305510726e-02
2.312918303796071273e-01
1.367094071943496747e+00
5.930610288707194311e-02
3.074727891741596553e-01
1.154846791040710308e+00
1.036114352778712888e+00
9.742574746034453337e-02
-6.880926668076408070e-01
1.179008550098319619e+00
9.279197721213144900e-02
-6.259353626325619979e-01
-2.135239000814132648e+00
-1.436488231163862928e+00
-1.663104287333795561e+00
8.294172644665890326e-01
1.326761550476331264e+00
-9.494897228595878813e-01
-1.301647667664332264e+00
-2.453119698552450045e-01
3.008064924056095268e-01
-4.375916526685522667e-01
8.508209367777754828e-01
3.915615023815540496e+00
1.616758871656319041e+00
2.776610023645811776e+00
1.362066999348481300e+00
2.369205553199789094e+00
4.123014101670097742e-01
-2.086884094078178542e-02
-2.127578535343049304e-01
6.991700763828020970e-02
-5.136268253814306739e-01
-5.796258997041002781e-01
1.306462787852917251e-01
1.488071017404508423e+00
1.349180794928227067e+00
-1.598311030521555320e+00
-5.335634299312749240e-01
1.179496264871553013e+00
-8.940480921974477413e-01
9.911225642222933896e-01
-4.910505633910817735e-01
-3.463729592763365783e+00
-2.195804994405534671e-01
-6.981616186076883279e-02
-2.741266106390400470e+00
5.474175768997602276e-01
-1.271141772849173845e+00
1.605232049444576203e+00
1.084530645411590166e+00
-1.795441186577444448e+00
-5.630091104419973069e-01
1.890584079444976862e-01
-1.914791288621618737e+00
-4.944511477097731422e+00
2.742519613807899770e+00
1.232893058134804321e+00
-6.200029157600575047e-01
2.225567515374755612e+00
2.696327361099442932e+00
5.737515178870794541e-01
-2.248695252398662525e+00
-5.630655037327740864e+00
-8.326765551256579689e-01
2.643947878702585519e-01
1.034575645720227310e+00
3.603416258393786209e-01
3.729177682198479005e-01
-3.521256835750002701e+00
1.696845823810506637e+00
-3.855936514906218027e-01
-1.026632235836855145e-01
1.091276332772159297e+00
1.129721315266279724e+00
2.343061047972462951e+00
1.818246190508556737e+00
1.964515253150368235e+00
3.153401086641709927e+00
1.139507436656799655e+00
-1.350114022759177912e+00
1.139698309278245780e+00
-1.130681376837307406e+00
6.482803767159659447e-01
-1.117210486896905497e+00
1.371522438288568679e+00
1.869069711786517596e+00
-2.713318391127711449e-01
-2.321465351056664073e+00
-2.947925026212361743e+00
-1.917026086952745789e+00
-4.977591229210326595e+00
-5.943928125578912258e-01
9.327332809956012660e-03
-8.033209322991583523e-01
-1.662649434944936555e+00
6.654004193482263574e-01
-2.695938312644647894e+00
-3.023576592555250464e+00
-8.210199803280711084e-01
2.003331424545931050e+00
-9.457777342245645702e-01
4.293265993837848127e-01
-2.128267180067196840e+00
6.513948023243096852e-01
2.543108868062322170e+00
6.920196864416798821e-01
4.509113302454640149e+00
2.737114146573448981e+00
2.330709430156015838e+00
3.750800101283049415e+00
2.864330132927162431e+00
-1.481730052763477579e+00
4.457619072311802988e+00
2.318577596908129923e+00
-3.205487949661948721e-01
5.948507771129671440e+00
-1.953340282171095899e+00
2.077584944579633941e+00
-1.304527296151888338e+00
-1.018624390221559040e+00
-9.743649795140230108e-01
-2.445799753739624549e+00
-8.029068905890277552e-01
1.929207005773492245e+00
9.255663304770248567e-01
1.854140446352101623e-01
-1.585390371372062290e+00
1.610499880475896983e+00
-1.534245288330227552e+00
-5.405206961166226787e-01
-2.690539817166108794e+00
-9.813028192238766323e-01
-7.315768668104987160e-01
-2.218159777058918536e+00
4.466342504155695892e+00
7.946659843393022449e-01
1.714799248017333744e+00
-9.581536382642568128e-01
2.365566236480304063e+00
2.294850697324180899e+00
-5.532947752687226162e-01
-1.167894759444487507e+00
1.168616488441696633e-01
3.131678093376597527e+00
-3.107942056878641335e+00
2.293326834128826874e+00
2.375361017022996180e+00
-5.093621757919586379e-01
1.904256797818715707e+00
2.370337870738780661e-01
-1.230633059818649677e+00
-1.411859709010688135e+00
6.844338124503107634e-03
-3.056333219078386954e+00
-2.057286901181389460e+00
-2.220125350269585240e+00
2.170297602162975514e-01
-1.090596202337259735e+00
4.818739568381202432e+00
5.407483408518823254e+00
-1.326935236128570672e+00
-1.376338719950783718e+00
1.827083172955829227e+00
3.735696874947207924e+00
-4.104775105858329276e+00
5.576462721956955138e-01
2.347136467992584130e+00
-4.117106016165347881e+00
-3.971323417940857858e+00
-3.798373101241634853e+00
-6.872497517904005981e-01
-2.885002084253871502e+00
-7.404259664211556569e+00
-1.481268175416392552e+00
1.151224252099695589e+00
4.228132078520438597e+00
1.426597768055960502e-01
1.756099750706490159e-01
2.524863201850529926e+00
1.112612612585994754e-01
-1.246416536398293473e-01
-1.226647803354833588e+00
4.783124801218117561e+00
4.258515353716227914e+00
-7.542496822298216941e-01
1.865145970017047405e+00
-2.832084015551400435e-01
8.953383097985608829e-01
2.863518687361183979e+00
4.156160253087007872e-01
6.376316133026729283e-01
-1.884725809174808031e+00
8.516239941943664071e-01
2.238822879451745518e+00
-2.115666934910749752e+00
2.912357957147843290e+00
1.473660924868562538e-01
9.924443583544806380e-02
1.977297151896083127e+00
5.824464688492523301e-01
-2.383633419754498828e+00
-1.346621479060943649e+00
1.473223655797635923e+00
-1.165386880867959274e+00
1.716418211824235707e+00
1.681456827456193626e+00
3.399275766764582873e-01
-1.186788512808711449e+00
-1.550144495957750168e+00
2.869139726380841804e+00
-2.332342031325983722e+00
3.042172872274206408e-01
-3.919904017481639968e+00
5.032556484584280732e+00
2.513448557632790070e+00
3.600524215232562275e-01
-3.548983624624256206e-01
1.206942254721447672e+00
-1.134076389337968394e+00
-1.479238316941724196e-01
-1.049114136091525040e+00
4.970264481338377394e+00
-1.306937003660877616e+00
-1.614974498927351565e+00
-4.723904116139937548e-01
1.531071464420175054e-02
1.905771724168165426e-01
-1.128202872171062854e+00
-1.651027255755882717e+00
-1.182858927278965133e+00
-6.625673251466696057e-02
-5.548149120879930507e-02
6.920851294074719107e+00
-2.004633403904190203e+00
1.892617353257177282e+00
-5.495980866377501162e-01
-2.976389911274907596e-01
2.287836901787331900e+00
3.361643300213212449e+00
1.290262368057215170e+00
2.416920561670064416e+00
1.504087927139108327e+00
-4.176799046601220589e-01
-2.251799311767767708e+00
-2.333177638620308247e+00
-3.344585025621481300e+00
-2.590234707071521925e+00
2.831113289930339505e+00
3.677898762827952250e+00
-3.000910738454201088e+00
2.110541680910633211e+00
2.826172048123960501e+00
-1.114189346490511046e+00
-1.112331898515982243e+00
3.703634667674804426e+00
-1.328593433803080037e+00
-4.466082184706465785e-01
-1.597093539995137368e+00
3.974016956725744398e-01
-4.339354045176934349e+00
-2.960782985496706043e+00
-5.246573087282873971e+00
1.550141264909508099e+00
-9.332542816205933178e-01
-3.111440041373506382e+00
-1.336855714700508901e+00
-2.761568695410450136e-01
-8.335690375049367162e-01
5.041501527811739436e+00
1.032923864240086198e+00
8.903900335112258091e-02
-6.637497407331832910e+00
-2.501098239188404904e+00
1.157806145620232208e+00
-1.488001327664540074e+00
4.375071211963562634e-01
-3.039359236200239955e+00
1.835897730568598174e+00
-1.624492985288906066e+00
2.779707988741339619e+00
8.021399988149512383e-01
-5.337087217593857957e+00
1.822923903974375204e+00
2.506754904663299754e-01
1.285501425733728720e+00
3.509233483908021922e-01
-7.046701982298386735e-01
1.522662029934089389e+00
9.137043552226501442e-01
-8.835655251509051400e-01
-7.191952404380437258e-01
-1.034147891924841467e+00
-1.433764780864789090e+00
6.072533619776926406e-02
3.535232568094712313e+00
2.473058961863813798e-01
4.632238140811586469e-01
1.859955152640847542e-01
4.163213798439047153e+00
8.455864851859362652e-02
-6.643424316282595665e-01
-1.079702006009416460e+00
2.862505909531695814e+00
2.249738942156787935e+00
4.318065600484569444e+00
1.440078276820709879e+00
-3.536707171657105242e+00
-2.232926792870157495e+00
1.184001107058163971e+00
-7.511265924046999221e-01
-2.387092240170697988e+00
-1.984955991370165318e+00
2.043455216675662989e+00
3.549802145018534638e+00
3.000332019213484802e+00
-6.717179390310350939e+00
3.252498000217855623e+00
1.183933840325520404e+00
4.029358447213192029e+00
4.982548626011419124e+00
4.364974952576702316e-01
7.046697751623096195e+00
-1.997038110251935894e+00
-1.218536568679385201e+00
-5.420557930203047547e+00
5.638234159459193373e-01
-1.794453544340628870e+00
-1.995545378682805460e+00
6.845184572471907813e+00
-4.851363604896818060e+00
-4.268027765792065331e+00
-1.529473361926070973e+00
-2.781934776128287989e+00
-2.960847839922905456e-01
-3.258828827630060765e+00
-6.233318398851990239e+00
1.307702073417932320e+00
6.633125989506563513e+00
-2.621123764225976593e+00
3.669419047600227302e+00
3.226246656320246764e+00
1.224773362930118736e+00
-1.484520519326863575e+00
1.749033138619574324e+00
-3.756798099261958068e+00
1.604095017610893903e+00
1.780472325725783733e-01
9.128636863902107601e-01
2.664908054197803189e-01
-5.686415819712431485e-01
-8.903001049386276566e-01
-2.577108044327890979e-01
3.336087954320136051e-01
1.262900465675976136e+00
-1.794549376868473933e-01
2.118187210389439468e-01
-1.888169190584053192e+00
-1.828151552890310727e+00
-2.920514700903805494e+00
2.571268326959839645e-01
6.525112511779194990e-02
3.750378918382377691e-01
-1.161597972476239748e+00
-1.356061451763894254e+00
-1.232002223831452525e+00
-4.663018278887189894e+00
-3.936317274231461716e-01
-6.806999785988263607e-01
1.659035122090101178e-01
-1.186171260637531866e+00
-2.767609239633864515e+00
4.375024265314483074e+00
-1.797941927467722856e+00
1.274852343589099046e+00
2.981405201544590433e+00
-2.831075014928111422e+00
8.551890906731605124e-01
-5.608139191396961376e-01
7.955116632919442266e-01
2.873946328514130677e+00
-2.079145470239879501e+00
-4.469054743216575032e-01
1.211900750103106494e+00
5.797134959351701866e-02
6.178349483341141202e-01
5.773648217957713102e-01
9.881931105771559753e-01
7.036391556707362049e-01
-3.459161563595191780e+00
1.078355733184804599e+00
-3.712356099316186153e+00
4.959529212261241327e+00
-1.420095837422064022e-02
-2.462409769097988033e+00
-4.109137013439825736e+00
-2.030748425141357227e+00
3.410472687545146542e+00
-7.404009322075446597e-01
1.562821079863214280e+00
-7.497377652056269604e-03
-2.907745270883590916e+00
4.706364230988231423e-01
-2.331771206113308903e+00
-2.085289012733964054e+00
-1.178629483797952515e+00
-6.131208682671394072e+00
5.102058707056056353e-01
-9.955838632176666758e-01
-2.348619011674835111e+00
2.465979524847782933e+00
9.574719226995979104e-01
-1.941106361920069689e-01
-2.537130570823279641e+00
-1.034764310517169994e+00
-6.596708269709372630e-01
2.190497412527129539e-01
-4.121915890865084919e-01
-3.321021991474411905e+00
-1.905264195205623456e-01
-4.795724903313401954e-01
-1.057588234243963754e+00
7.222542310458021086e-01
-1.805646266652378706e-01
2.255710342947025993e-02
1.374500726009530549e+00
8.466439008657563603e-01
1.451270969335047845e-01
2.960309817363833140e-01
1.232500600785193967e+00
-2.750675502661195537e+00
-7.335816052729299264e-02
1.502572320381147242e-01
2.455337188626224076e+00
-3.477898923597579905e-01
9.590540061220481638e-02
1.775929288578282361e-01
6.487030752077673768e-01
-6.173942668019030688e-02
2.330585300858243891e-01
-2.339681620724883560e-01
4.314614526102845682e-01
-1.640651643241176849e+00
-2.751827285134112455e-01
5.752487339893485041e-01
8.357392328612135435e-01
5.248454913641378283e-01
-1.195652850236450293e+00
-1.488569869742805973e-01
-6.791792183769550517e-01
1.050156833359762176e-01
5.878843938021992566e-01
-2.136084406803501423e+00
-5.541371144001503435e-01
-1.850696625844178600e+00
-4.508801207468920991e-02
1.533273713911322833e-01
-4.229762637159715233e-01
-1.474620586437055181e+00
1.867168649171456751e-01
1.334661094206026855e+00
1.972080729348438588e+00
-5.120523649430216429e-01
2.602885363120038265e-01
1.676956712891110257e+00
-8.358032671363297972e-01
-7.514379632558793043e-01
-2.514979690759678643e+00
-5.183548640646746808e-01
-1.072542961037165954e+00
-9.286855044491493238e-01
1.674896872771266532e+00
4.379549907820347032e-01
-8.668804452340590494e-01
6.547557722085434184e-02
7.525716382552422035e-01
-2.496364540846262248e+00
-5.428833548739689929e-01
6.212097134386147523e-01
-1.014851832526340258e+00
-1.303201122088734509e+00
2.138269304995026321e-01
1.227801872370815950e+00
9.388665856389305509e-02
2.670849436512763297e+00
1.791970364274227956e+00
-1.946831145813605612e+00
2.248375892940330245e-01
1.026738477773360358e+00
-3.338662882977533108e+00
9.707265255081922728e-01
1.590853041408483159e+00
-1.372958357982043243e+00
5.405627314874534850e-01
2.388554952464609027e+00
-2.341195165556895219e+00
-1.689317445993610001e-01
-5.004231493195062663e-01
1.551531912073626840e+00
-1.986646808149904742e-01
-1.094524156030897366e+00
-1.766724942222252626e+00
1.938111120751760064e+00
-2.765093787654051116e+00
-2.042002532768034229e+00
-2.964103386787034777e-01
4.674332566013366552e+00
-1.129638473311386448e+00
-3.596808583910161339e+00
4.333162986657640658e+00
1.095040046804252487e+00
-1.413649237523032287e+00
1.189933750155197423e+00
-4.105973090742359721e-01
-7.403074629162993414e-01
-2.513747869444558969e+00
-6.977294170973258325e-03
1.849016052485753736e+00
-3.974209933038842513e-01
-1.276930780389783138e+00
8.788395924954438554e-01
3.678014401010037737e+00
8.282840983666945878e-01
-1.916568718059434184e+00
-1.245542589657898658e-01
2.148027246220697517e+00
8.814936987129857737e-01
-1.805660735200039557e+00
4.233242804967639050e-01
1.784090276622121163e-01
1.745201490911992170e+00
1.044095868881096179e+00
-1.839301782422591680e+00
-9.256799745349251207e-01
-4.486959937363146911e-01
-1.173629169125797844e+00
2.064291017813475015e+00
-2.832411677267610006e-01
1.203747032268572825e+00
3.579839778710505183e-01
-1.440013277579662132e+00
1.377070138071310845e+00
4.671276739091367869e-02
2.741483387965782392e-01
-1.044799719517610498e-02
-1.238079136445997985e+00
-6.665067137115807672e-01
2.028400986189804744e-01
1.247957588831993814e+00
2.162771920386064028e-02
2.049188861193275424e-01
1.187219579042868123e+00
-6.830201923560397237e-01
-1.180731082691406364e+00
-6.043857647649804044e-01
-8.440092798791862805e-01
-3.044666578256181033e-01
1.439129287062846929e-01
-7.175082623973229046e-01
1.246693238111130198e+00
-1.696785898784206381e+00
1.019232808706259430e+00
-3.929745227029657340e-01
1.190747224292604267e+00
4.944638152537631726e+00
-4.592146473514137628e-01
7.483965707386910360e-01
8.002425840360760656e-01
-4.444232094029698654e-02
2.779789329533031150e-01
4.842929558086846997e-01
-1.957715491142789643e-01
5.912620626876063934e-01
-1.125657759239096223e-01
4.025523074530181766e-01
8.288110172909162188e-01
-4.975449739277090222e-01
-4.336886110059430810e-01
-8.206048821991520636e-01
-1.323473198696030639e+00
-2.394864214069201136e-01
5.025701191475833163e-01
3.007011933301980688e-01
2.719008183778741372e-02
3.524809062665273940e-02
-4.188574625532512363e-01
7.801001457977274622e-02
-2.102238551646401221e-01
-7.202148380039449238e-01
1.366294658751956992e-01
-3.044531483717702325e-02
6.171621287601309902e-01
-4.234852713289274928e-01
1.168485094985199702e+00
9.348131925378297957e-01
-4.956109546868422422e-01
6.948507254260611887e-01
-4.666382684149933402e-01
-8.651957617687384694e-01
-2.102748351941281513e+00
1.095173469912841924e+00
-2.624426090875970452e+00
-2.126053306040380786e-01
6.725123731789195425e-01
1.723435482712474265e+00
-1.801509101117412914e+00
-1.165206777278175565e+00
-1.149859684678644189e+00
-3.193549196567214032e+00
-2.562396976580430863e+00
1.925170275688840027e+00
-3.790099444194475753e-01
-4.821460067935600668e-01
5.615505064711946714e-02
8.601869053911989083e-01
5.319459601832489115e-01
4.034253196615185999e+00
2.425233830813349201e+00
-2.586371322294470865e+00
1.701476124287175207e+00
-6.762863190768614308e-02
-1.601947236399779095e+00
-9.596004224677500138e-01
2.853406750626505950e+00
2.536732381985126406e+00
1.414294181576559173e-01
-1.684533798995491827e+00
2.477404210557607289e+00
4.926755959849683508e-01
4.167792812725926721e-01
2.110113780844098841e+00
-3.844564210334634469e-01
-7.576015839845555710e-01
-9.422614708641456893e-01
8.730900419338697427e-01
6.803702791509180781e-01
1.515830478804276460e-01
-3.707904549692766061e+00
-1.024749888054745206e+00
3.065357953916273637e+00
1.370239379432792504e+00
1.487218118474987749e-01
-9.736929922700470197e-01
1.565337791819613411e+00
9.190720275737411793e-01
1.312506483874213425e-01
1.150366571894151368e+00
-1.330892364495574187e-01
2.144726771214259031e+00
-1.897805422379195361e+00
-3.356769714360213069e-02
-9.686326544848948839e-01
-9.216023751377075968e-01
6.701183675526867223e-02
-1.211874492234301381e-01
1.688219895074304588e+00
1.506970630149039314e-01
-1.006941888138215280e+00
-1.338078348037730625e-01
1.229511221911407048e+00
5.642048310717145965e-01
-1.527396783049767004e+00
4.964117341985618270e-01
4.325746349289438797e-02
-6.498454844508838590e-01
5.113840194555507868e-01
-2.839211145928448587e-01
-1.278650677952789971e+00
-8.048416171428397770e-02
-2.665883001867592306e+00
6.475292003876402802e-01
9.358142707269558880e-01
-1.635964989373511758e-01
2.256739101024235694e+00
-7.729618978785779415e-01
3.935791291346756315e-01
-1.275821861235782118e+00
-2.211871607640839343e+00
6.368246287652654658e-01
2.783699160397544503e+00
-3.067918572672206245e+00
2.054220008831414646e+00
3.324784355602840691e+00
-2.274360584582412415e+00
-6.288799993195225646e+00
1.364708216438681676e+00
-5.671775160568679475e-01
-1.467137953526508110e+00
-4.015789662788428416e+00
-7.541934227912840960e-01
1.818003006683963640e-01
2.216551773142477755e-02
-1.887661641732123918e+00
2.315810916161306743e+00
9.728363662083214791e-01
-1.651494310342345395e+00
-2.820469684056063908e+00
-2.359551801433386942e+00
1.895506084535495628e+00
-1.500761569765943104e+00
-6.069801543038434444e-01
5.047463071438951232e-01
-2.536527105556615203e-01
-4.431273768743634323e-01
-2.196983734126064292e+00
1.764138295570059078e+00
1.350466702755487525e+00
2.144040988985073393e-01
-3.162428203927303283e-02
8.962239027614211651e-01
-2.726046819928591436e-01
-3.683105410771740473e+00
-3.010386159894133939e+00
1.074333075579955832e+00
5.214321317517531806e-01
-2.047096853348126633e+00
5.192475721573599490e-01
-9.821436120043570694e-01
1.856793875132377591e+00
4.777621412393968092e-01
6.168059181503203758e-01
2.349752506566701094e+00
-1.989245615233140363e+00
-9.891493490764733387e-01
-2.598512682858614919e+00
-2.225367609067501196e-01
1.133517199010507959e+00
-1.103949575645210679e+00
-1.638510062623204533e+00
1.315332116019414244e+00
-1.538286681258814514e+00
1.845964915781059812e-01
-1.298105406148717944e-01
-1.997195685643276264e-01
-4.749620550143981212e+00
-2.992332798012365291e+00
-2.681280254272116803e+00
-4.858438202493775115e+00
1.552775371612495237e+00
4.339902190559314366e-01
1.211480059437525902e+00
1.960916756138370687e+00
4.289589779248481172e+00
-8.995357666014645037e-01
6.153501130917598871e+00
2.754958197234439243e+00
8.334070294507287535e-01
-4.326826178847181126e+00
2.952812377922566345e+00
-1.581705640400620005e+00
1.571148255309932296e+00
2.394314047721922023e+00
-6.005381649728537496e+00
-9.829920495330961572e-01
-2.572559672309699952e-01
6.268002570704694909e-02
2.834816288201597700e+00
1.452378013673305102e+00
-4.516044389052503050e+00
-6.960789499712060069e-01
2.173868885834963738e+00
-2.146941026397832353e+00
8.886471111362834741e-01
-3.727414217071491342e-01
-3.713206441564098181e+00
-3.120180133023380264e-01
-1.027127644935791784e+00
-3.679622355652723553e-01
3.239980116882261285e+00
6.382615320406885839e-01
3.186309102952178396e-01
5.201562893507272634e+00
-4.829917673514430021e+00
7.402966655405878171e-01
-1.873442761196277173e+00
-9.513722540943759798e-01
1.835293053677884423e-01
2.566390628596081913e-01
4.247890406422309972e+00
3.507208948520934566e-02
-7.334936912595617642e-01
2.753225676587257809e+00
-1.286801802391740468e+00
-1.598087803600988899e+00
1.129337609785770358e+00
-3.850979012908715582e+00
2.550019976364565344e-01
3.266776626404951589e+00
1.061371701858001559e+00
9.603040212743636506e-01
-1.752379812473636056e+00
2.594294441156344000e+00
-1.760297107457424293e+00
-2.500136115209613319e+00
3.314021990648232663e+00
-3.152243482270431496e-01
-7.565063137067060683e-01
-8.133265369641595743e-02
-5.690170458582510804e-01
-7.816804716776282191e-02
4.293841602488462250e+00
-1.350424114993695746e-01
-7.261467022388559678e-02
5.938686425400024227e+00
2.249812902360158073e+00
4.036551858122395808e-01
3.198619075939618028e+00
1.422096383993503910e+00
1.355839322136498382e+00
1.773521137769095146e+00
1.199767770291094715e+00
2.586981464585754176e-01
4.355001604708797380e+00
1.019414470702860065e+00
-5.220581569944496847e-01
2.751983423577046839e-01
9.843851321836946111e-01
4.914855085837815385e-01
1.145106590394082691e+00
-2.430169767603086228e+00
2.729858328668530176e-02
-2.261050343158167220e+00
1.142453840954428479e+00
-5.517374300351756133e-01
-1.982132214482454691e+00
-2.491329055324148500e-02
-1.719585161573245369e+00
3.739162186699731549e+00
1.065591399648168736e+00
1.179856108687816763e+00
-5.200788515229302078e-01
-1.667607048442360629e+00
2.141446852282812952e+00
4.186573439343667102e-01
-4.102447181949452348e-01
1.094335882615871336e+00
-9.888994324209476883e-02
-1.615445969649988989e+00
-4.979666766185482096e+00
-4.639972199845340262e-01
-2.816800019457921245e+00
-7.747858585586691049e+00
9.694515178635135233e-02
-3.970466748104885646e+00
-2.508126481600867042e+00
-1.041607466320335407e+00
-6.810748661772729751e-01
3.304725694750033860e+00
1.138340164888841377e+00
4.800310972752338534e-01
1.169508577456023879e+00
-1.073604240593753811e+00
-9.192983823788557496e-01
1.655771425275631037e+00
3.746141395837507382e+00
4.928443271573172968e-01
3.884085527674245419e+00
-3.186102049852851392e-01
4.700599288120184127e-01
1.295774737451197645e+00
3.907348100037657535e-01
2.263084402738351625e-02
1.025279029778369377e+00
2.241003645280092549e+00
-9.178001256474688230e-01
-2.779054498497729231e+00
-1.057490345139724397e-01
4.260493744266687921e-01
4.373705515255085885e+00
-2.374578188659081768e+00
-8.342968168073588986e-02
7.711468232471374584e-02
1.894141756143894240e+00
-1.110368036789161295e+00
1.678185966552288466e+00
-2.995368061409592997e+00
1.503497841716484817e+00
-6.660925080769163342e-01
-2.329311106790360242e+00
-9.438198747669402922e-01
1.163350924313686585e+00
2.050683313712045930e+00
3.090360013046488774e+00
-5.852226860607759873e-01
2.493074634543944512e+00
-2.181360096453141217e+00
2.984904843998987811e+00
1.180348908995278556e+00
-8.184061711715168164e-01
2.321110299771117269e+00
-1.984115968295378618e+00
-4.099340318320624732e+00
-5.429773420886399027e-01
1.298131857662416344e+00
-1.366786025922886727e-01
9.516506521881870073e-01
5.395221574315490765e-01
-6.988064138323706320e-01
2.199553777947401478e+00
1.306184042836474879e-01
7.216946829034434074e-01
-1.965644304584884150e+00
-6.044136412421166060e-01
-2.131155774814239290e-01
9.802672647451871057e-01
-8.929562253212802725e-01
1.771954076082412843e+00
1.359246848922864848e+00
-1.201791787286826230e+00
-1.500033819882947927e+00
1.455053914790969405e-01
9.985849104858696146e-01
-1.363576559181510772e+00
-3.123063598900280624e+00
9.422033748800126007e-01
-7.870927523187304375e-01
1.117798976802265587e+00
6.419429709711420573e-01
-7.190580893828546483e-02
-1.980267431197103356e+00
-2.028225174296371253e-02
-1.321161567754693955e+00
-4.829863904837905508e-01
1.967850953235359635e+00
-3.640088308644837678e-01
1.612738080711600075e+00
5.647308335257299472e-01
-4.762658706405543674e-01
-1.433648141000772647e+00
1.268554593201765002e-01
4.652801527547724136e-01
-1.378302929641954444e+00
-8.469766055295621099e-01
6.166361007562587426e-01
-9.629501812347336376e-01
-1.716623210981982339e-01
1.319472580703509035e+00
6.062920785233937293e-01
-3.674265749614983312e-01
6.427828148569058042e-01
-8.436708912734638410e-01
-3.110690611024065078e-01
5.635155558019194766e-01
-6.521049904124385233e-01
-7.525138777582633942e-01
-2.432663170654103535e-02
1.652196696180775470e-01
-3.080977852999771116e-01
-2.932168854005304803e-01
1.473396357468473306e-01
-3.863935647314797328e-01
-1.398813330121512488e-01
-1.594307882564400813e-01
-3.444213939133699554e-01
3.866842861305157530e-01
6.827642053441990155e-01
8.638878150537536715e-01
-1.540924972156614059e+00
-1.015145276568206301e+00
-5.109805877735136281e-01
-1.509069432955549850e+00
3.420535701467041889e+00
-1.568328458931449731e-01
7.167297567762523358e-02
-5.744846836161513481e-01
-1.145455602415956786e+00
-6.042860619900015939e-02
-4.796117117057586698e-01
-3.742533751387608354e-02
6.595763169611817966e-01
4.971818269947635427e-01
-5.714575987171009730e-02
1.696505409160842692e+00
-2.532465841136763429e-01
-2.762817251020530662e-01
6.737226409930078264e-01
1.075162941883334167e-01
