-2.152840010144821736e+00 9.171920682795113855e-01 -2.465999154855047060e+00
-2.077954192292428282e+00 8.428232057880745698e-01 -2.298529058005709391e+00
-2.039574119066399849e+00 7.706789166400188629e-01 -2.140920748878478275e+00
-2.045363152622412972e+00 7.721092214561536826e-01 -1.865546193128589714e+00
-1.996285419856459464e+00 5.231573982093739028e-01 -1.629188432131647879e+00
-2.152898627146285992e+00 4.718840568484309883e-01 -1.319013557127038272e+00
-1.886552654260623019e+00 2.562561258914301532e-01 -1.179087288667914457e+00
-1.713560226387466745e+00 3.170645014365661152e-01 -8.459957455058371156e-01
-1.351400165172861101e+00 2.308769798413244645e-01 -7.650383698406497679e-01
-1.220856516623482158e+00 1.803396764586034096e-01 -4.102192021009482548e-01
-8.593929518218385022e-01 1.072272686719933782e-01 -3.186596712918191576e-01
-8.635660761001314745e-01 -4.837894533880614939e-02 2.928237959227649942e-02
-5.242913466072051110e-01 6.300158261401825333e-02 1.599548195554174046e-01
-3.532486379565091816e-01 -3.925199124269421018e-03 4.895877926120574819e-01
-2.907215837844082662e-01 3.615657910897420724e-01 5.749447053361147475e-01
-5.445305650441444323e-01 5.427569249581316591e-01 3.617299520550169012e-01
-8.740032179671106682e-01 4.480441175670510923e-01 1.976693130159427325e-01
-8.901133369445526355e-01 5.900627308893861001e-01 -1.533348418226677112e-01
-1.217757135603134033e+00 6.010010012129474166e-01 -3.447362347693929685e-01
-1.391366699492476489e+00 7.621491043072273763e-01 -6.396889869449334798e-01
-1.546114757902928183e+00 7.158525171688744360e-01 -9.801479435860058764e-01
-1.435562524286942754e+00 5.252305400819811121e-01 -1.290167181536182595e+00
-1.292147466733584160e+00 7.416006074256127345e-01 -1.569591296754438092e+00
-1.210529020500908048e+00 1.022513215250688168e+00 -1.330730885372020778e+00
-8.626315320288278077e-01 1.160104108060236783e+00 -1.277117886251421641e+00
-8.115873213977538025e-01 1.119619777060472554e+00 -9.047954247689861118e-01
-9.914871445725604859e-01 9.756363460630252948e-01 -5.974527914281877461e-01
-1.254079082771289766e+00 1.211541185241267193e+00 -4.545493747624387848e-01
-1.249120169303771677e+00 1.050280138202402513e+00 -1.117135164538748671e-01
-9.126330006433582831e-01 9.992288536576920954e-01 5.705890153095101447e-02
-9.076403354370566889e-01 9.434013695441787473e-01 4.337054474370585777e-01
-7.130887881078017410e-01 7.498066445320287210e-01 7.073218120470176062e-01
-7.786928503786542111e-01 3.709317170781030737e-01 7.231351935374713547e-01
-8.696207000956474031e-01 3.751027211177060949e-01 1.093626489500754584e+00
-1.184250785002495698e+00 3.396260948188145612e-01 1.303480609781094035e+00
-1.237522306114014370e+00 4.607095624324110128e-01 1.657878304061838781e+00
-1.369237976937095258e+00 2.304844995717768852e-01 1.923953285632703292e+00
-1.514993747607426222e+00 3.792658194287176210e-01 2.243719342630762448e+00
-1.347578995861675066e+00 3.182914836808958814e-01 2.561328865011632150e+00
-1.641552415831504463e+00 3.639410913001078218e-01 2.761749282060074862e+00
-1.981586882433542307e+00 2.711532755816442597e-01 2.722021243324513673e+00
-2.117619644425974279e+00 5.825146280556244838e-01 2.826920272075051699e+00
-2.141591276134481525e+00 8.953150661460191895e-01 2.648060817786691779e+00
-1.846860549275573415e+00 1.078483418002097016e+00 2.555251374264713604e+00
-1.821690239023957325e+00 1.437807568852545126e+00 2.534141453533366395e+00
-1.821083982849773797e+00 1.585040220868647820e+00 2.209076874769675847e+00
-1.918735394438054520e+00 1.280559413966396498e+00 2.050363299420437713e+00
-2.270596025139567598e+00 1.284873168210554528e+00 2.093289476079219558e+00
-2.350295606581842556e+00 1.376378317848622634e+00 1.805666598247788190e+00
-2.201027185559352617e+00 1.135397231408163954e+00 1.596102496349823152e+00
-2.222917075519113883e+00 7.913346228215805134e-01 1.541107095296242679e+00
-1.921232560170358816e+00 6.927018705008853861e-01 1.370150104240274835e+00
-1.600174942027043024e+00 7.496653167618787528e-01 1.429123680255601769e+00
-1.400293032469395405e+00 6.834005720702854836e-01 1.112790335264537411e+00
-1.094255399401410811e+00 8.484879014704492795e-01 9.573755405514360328e-01
-1.009436183016184208e+00 1.206822188089551107e+00 1.036507245323225579e+00
-1.254940979645675192e+00 1.231374478042283060e+00 1.321690230956358514e+00
-1.108179027412348194e+00 9.216547671587386192e-01 1.478167585536418471e+00
-7.592163549621456786e-01 1.061679356411894926e+00 1.444151505457011764e+00
-8.556200719661015697e-01 1.383599167285071818e+00 1.619730911708289200e+00
-1.012421620102392561e+00 1.204812296007672145e+00 1.915691883310413512e+00
-7.323924988855832208e-01 9.597941851641526023e-01 1.979358651524067536e+00
-6.894319710815710600e-01 8.946858456883429733e-01 2.349877933926650897e+00
-1.051290299763610880e+00 9.652946956718884142e-01 2.414867578521355362e+00
-1.127827078722455800e+00 6.653432191323805922e-01 2.204239794205179681e+00
-9.111990716025502035e-01 3.727014902687389442e-01 2.100129543953499045e+00
-7.956068049318790747e-01 3.508553038223699572e-01 1.741888971325690427e+00
-8.283571880326988657e-01 2.974327347749461392e-02 1.547287621360390331e+00
-6.797935668707659751e-01 -5.907906485007169417e-02 1.210790610735857920e+00
-9.139922714626483868e-01 -3.048081258877332611e-01 1.030464399019973554e+00
-6.426034955870020271e-01 -4.224141393182106463e-01 7.902081877264118814e-01
-3.411158083908570893e-01 -6.169999100469084619e-01 9.201840056387118327e-01
-7.088334394755281542e-02 -7.757364248035795162e-01 7.006130114915588569e-01
-2.539835563736915769e-01 -6.421073390645866130e-01 3.941381078934362847e-01
-5.713733383573246227e-01 -8.391910958913325613e-01 4.688198123196023470e-01
-8.925411416277266863e-01 -7.489568896731269021e-01 6.504691779120703732e-01
-9.011894872721734062e-01 -8.864560226249497132e-01 1.007093955280459641e+00
-1.189822551806549278e+00 -6.861806882843518585e-01 1.152312205102830500e+00
-1.501198936375711890e+00 -6.958727685388974571e-01 9.373079110514190848e-01
-1.751424082756709799e+00 -4.896440140981069278e-01 1.138030651356765954e+00
-1.493874470506979968e+00 -2.095369665296163975e-01 1.156825539644647183e+00
-1.427922458724738997e+00 -2.390589119271201157e-01 7.796742230159484643e-01
-1.806191407658952253e+00 -2.247602949426882601e-01 7.172153508772645125e-01
-1.805039720879962006e+00 1.109239326545964494e-01 9.023180453192765071e-01
-1.521766831980834844e+00 2.302472862999709879e-01 6.698056457498694494e-01
-1.726849087164568974e+00 1.311518303438700406e-01 3.618020392317383704e-01
-2.040001009700557866e+00 3.003973809220890634e-01 5.066196572527932318e-01
-1.836865652338193877e+00 6.179079775379986428e-01 5.635811686808520626e-01
-1.689145232635102634e+00 5.933815452062610740e-01 2.100931980700014301e-01
-2.021979713853786720e+00 5.606508606266245032e-01 2.943488220830841121e-02
-2.267481935508606217e+00 7.632324548218402116e-01 2.343647443984455681e-01
-2.057957630714366992e+00 1.038470426389546564e+00 3.931966011562705865e-01
-1.748588120254776390e+00 1.103063716066636557e+00 1.793277731790149099e-01
-1.870095339646695054e+00 1.026926361163711166e+00 -1.754144726593076797e-01
-2.241127771008882608e+00 1.079656412456842185e+00 -9.672001488425353843e-02
-2.372372699664348161e+00 8.093210782823586635e-01 -3.310856376726225569e-01
-2.599755586439175037e+00 5.091912286964027645e-01 -3.151739875262785651e-01
-2.406928256351636541e+00 1.811360071384520987e-01 -3.739831218228361620e-01
-2.726145080088180794e+00 1.969857855550877224e-02 -5.044775038904530939e-01
-2.692999558953180994e+00 2.189166929063513234e-01 -8.264603080416595970e-01
-2.315130895593821236e+00 1.899372755442191030e-01 -8.659219664807404904e-01
-2.108730062713277231e+00 -1.150757201306224775e-01 -9.770405282316931839e-01
-1.818859600503779816e+00 -1.316320892145452504e-01 -7.294773725224437122e-01
-1.457077924213315612e+00 -2.318821238565755005e-01 -7.948345003730551417e-01
-1.259380475572943858e+00 -3.265003252631369368e-01 -4.824560597121285155e-01
-8.884318438252867267e-01 -3.972500198550312778e-01 -4.324265257615996227e-01
-7.270469519790165869e-01 -6.856391786155323631e-01 -2.452238713528051839e-01
-3.751110876112527248e-01 -7.781930234237279809e-01 -1.383053116150671502e-01
-1.728359464543185176e-01 -1.063221135293191066e+00 -2.980956745130474150e-01
-2.685283039700037677e-01 -1.409965825354479785e+00 -1.653205759566313549e-01
-6.013452945374606617e-01 -1.304446524496715165e+00 -1.278367532940736725e-02
-7.841531353284512118e-01 -1.597795799828257923e+00 1.620742713510955335e-01
-1.096261002769748583e+00 -1.751016506582456334e+00 5.119255305359119573e-03
-1.287237348655232205e+00 -1.686350903088174036e+00 3.288156229673013797e-01
-1.193098511575436005e+00 -1.316020727697893244e+00 3.128608200474415346e-01
-1.311634780235457320e+00 -1.297090748148215011e+00 -4.947968823402141419e-02
-1.639243110042481577e+00 -1.468589754521651303e+00 5.017692536666890080e-02
-1.699370745825606877e+00 -1.229820319250185978e+00 3.429612725454404543e-01
-1.622225946603174318e+00 -9.186560918342135951e-01 1.336005373796283757e-01
-1.859145781805491504e+00 -1.040421321930671716e+00 -1.410982500769852321e-01
-2.135292321739585830e+00 -1.113831608628736758e+00 1.120537596726208784e-01
-2.107401878344396184e+00 -7.670875156943087747e-01 2.731518473531502345e-01
-2.128966667725605166e+00 -5.927455215537194011e-01 -6.519819982108968071e-02
-2.435516979774271729e+00 -7.852614023850855718e-01 -1.866729716848301301e-01
-2.621480533089609821e+00 -8.196137604408945121e-01 1.454987601861940649e-01
-2.541470403478109930e+00 -4.985431752673470940e-01 3.352145327837084965e-01
-2.481466342748877896e+00 -2.463915481623411008e-01 5.948008287109621262e-02
-2.688169025645164911e+00 -4.139995052615970672e-01 -2.161020171684926716e-01
-2.448530891411920152e+00 -3.440507380857306674e-01 -5.061101560504074337e-01
-2.573394029790344817e+00 -4.323184186926226080e-01 -8.599289826845709639e-01
-2.240254807861139508e+00 -5.790978322945544710e-01 -9.635405618420918028e-01
-1.886125408227176115e+00 -5.976147814893458809e-01 -8.293861181792638870e-01
-1.530011225242273287e+00 -6.985819180128051142e-01 -9.155707107836710268e-01
-1.219366308814340938e+00 -7.656544876529106647e-01 -7.039156752266748640e-01
-8.639832858144180783e-01 -6.975916264072816730e-01 -8.239164170975483703e-01
-5.091068138514374120e-01 -7.295139599918510909e-01 -6.868489910790862574e-01
-3.248257951413444089e-01 -4.010263406293407273e-01 -6.035502365783129708e-01
6.624073703895248799e-03 -5.020025347248542325e-01 -7.695396684250261909e-01
-1.690543657063253713e-01 -6.091378977397003958e-01 -1.093695129564683066e+00
-3.496258487767576195e-01 -2.731128530998827575e-01 -1.116633570335281433e+00
-1.996631544487691839e-02 -8.973249757391833781e-02 -1.045917329890064362e+00
1.440089245897136772e-01 -2.809205188177328338e-01 -1.333679451880150468e+00
-1.581186047662175576e-01 -2.094651990945220199e-01 -1.560190956589368572e+00
-1.283039139171901766e-01 1.640853426156181905e-01 -1.483177230786526524e+00
2.355417153180658918e-01 1.460099158675242370e-01 -1.591373909587971314e+00
1.254008314502819965e-01 -1.036946747665993922e-02 -1.919173714466192893e+00
2.780316833281004651e-01 -3.496756848229740089e-01 -1.879775729303324594e+00
1.435855383734474244e-01 -7.037910716627573393e-01 -1.857831168333666794e+00
4.548292940689780961e-01 -8.920598807482277293e-01 -1.747118111621764669e+00
6.939788597055389641e-01 -8.087989503769433819e-01 -1.466000083396060694e+00
7.930971619476531176e-01 -8.604148396781083896e-01 -1.106596416152972662e+00
6.417756043151985335e-01 -5.944011292889509468e-01 -8.833249066407777850e-01
7.995828236809807699e-01 -4.809315339471114670e-01 -5.573450099012567938e-01
5.083674794367475380e-01 -3.147875162746424649e-01 -3.801402813871472275e-01
5.584402393936677145e-01 -1.489503067696295591e-01 -4.151708000846264512e-02
2.979688348410296506e-01 6.421074486358709088e-02 1.353529904902984748e-01
2.406753455899351135e-01 1.798829412792133653e-01 4.895881832497427921e-01
1.493576626092177895e-01 -1.591636221087500691e-01 6.317991898836681219e-01
2.961134722077314874e-01 -4.356865236061914226e-01 4.184653509090063284e-01
5.610807807405074898e-01 -5.150388434906297830e-01 1.529176854972916777e-01
5.045442853634343194e-01 -7.728184627882108693e-01 -1.236031635922329175e-01
6.907515077053807406e-01 -9.224898906019527445e-01 -4.171786766512982081e-01
4.446253824982292491e-01 -1.023451615504112233e+00 -6.879331770107858235e-01
5.582694989256418161e-01 -1.189299252390946249e+00 -1.015613783451825958e+00
3.046298546201284818e-01 -1.127655768178345452e+00 -1.293010408750157936e+00
3.138381423488217359e-01 -1.299003310935583855e+00 -1.633100343678419497e+00
6.777203590930977462e-02 -1.196607588168286496e+00 -1.906752084008413117e+00
-1.650174998070845778e-01 -1.017631039683735361e+00 -1.664869397776329585e+00
-1.828427379624930904e-01 -1.301222186876126452e+00 -1.412563776340682642e+00
1.321682941030092413e-03 -1.322362379594991255e+00 -1.082939099582937770e+00
1.845058414072184017e-01 -1.647377602753723913e+00 -1.011559647729909361e+00
6.412502090081634298e-02 -1.774807754827132378e+00 -6.690405986886730494e-01
3.551526959186766530e-01 -2.001612490802821664e+00 -5.766750477661432006e-01
6.177382497168026898e-01 -1.730621967825659357e+00 -6.090495167634665252e-01
4.435624229744036251e-01 -1.444617075226307445e+00 -4.219965982868846277e-01
6.479632352430038100e-01 -1.335832838460216276e+00 -1.181845849129318782e-01
5.710944770762992340e-01 -1.100743078987541645e+00 1.706437249098098630e-01
7.692809725093481266e-01 -8.880513876028544029e-01 4.140746571437744494e-01
5.875853252044079822e-01 -7.423727293140480743e-01 7.153491880812129500e-01
8.207312100371839669e-01 -4.426080707051361918e-01 7.421333266879038826e-01
6.971872537355000565e-01 -1.349172033112377989e-01 5.580513790605728941e-01
6.542634310578564483e-01 2.438123901340845667e-01 5.904205284559052025e-01
4.804161004147032288e-01 2.396121084717719452e-01 9.297339222974256856e-01
7.724702116813404462e-01 6.991339202412580334e-02 1.105151719919073017e+00
1.015683361381182648e+00 3.034744061756771139e-01 9.288029281279338578e-01
8.381599465109550451e-01 6.060595008901644709e-01 1.088934874091350258e+00
8.885562708516820951e-01 4.518280622474858399e-01 1.433707092237457070e+00
1.250636030621327333e+00 3.571669498194119385e-01 1.351358245443283312e+00
1.325944939513502785e+00 7.145042881239180854e-01 1.234966848382107019e+00
1.174765240905510044e+00 8.459234781035891437e-01 1.560504331729037020e+00
1.405598564820508267e+00 6.114654153566823069e-01 1.755741994292129737e+00
1.726164375982454535e+00 7.238094479824519478e-01 1.578693971100526561e+00
1.628956182056529478e+00 1.091537822146882997e+00 1.611024028905693850e+00
1.635698927229154442e+00 1.049491389982837530e+00 1.988743187912559662e+00
1.996142499157912198e+00 9.457811762293257818e-01 1.964226097367226753e+00
2.080292834297261528e+00 1.308589313093527773e+00 1.900734414909417858e+00
1.889045000226478477e+00 1.392829142163128919e+00 2.214350648407626299e+00
1.564599768517825673e+00 1.506297891218731921e+00 2.068767068845179136e+00
1.253618951847945917e+00 1.419759062683982886e+00 2.262203323516593478e+00
9.772136460098486133e-01 1.322192528992916616e+00 2.023965662248841557e+00
7.132205045014121669e-01 1.094208669914017884e+00 2.161700536828478292e+00
3.598979539656030346e-01 1.205123254762656249e+00 2.075581415266807728e+00
1.351047805509343891e-01 1.126324366704331004e+00 1.778897219124021101e+00
1.674622735760562531e-01 1.482960750824960927e+00 1.655870453684802124e+00
5.455085843743942009e-01 1.457278113389247398e+00 1.677377816144421274e+00
5.330314695287629023e-01 1.120478382221213653e+00 1.498045838335367863e+00
3.431682017114741079e-01 1.294732345229429260e+00 1.215486247633730477e+00
6.331713522800397342e-01 1.538901056006789281e+00 1.166195426142697222e+00
8.735923178651563425e-01 1.240734907481949367e+00 1.163843366235749022e+00
6.632049739752958750e-01 1.096984929559011279e+00 8.788167089773497587e-01
7.104809411372623451e-01 1.430807174337903165e+00 6.929572270420532032e-01
1.090557514599741040e+00 1.414877739679886837e+00 7.501879421703157025e-01
1.089088141155599931e+00 1.057331419297382169e+00 6.118389796312524442e-01
9.370860587823037768e-01 1.170544437777744085e+00 2.819142179743933108e-01
1.154775740895987557e+00 1.480711254389664111e+00 2.436614150256701805e-01
1.501743474774824838e+00 1.406927726860798700e+00 3.761994066617738719e-01
1.580238982401657388e+00 1.034006596908258802e+00 3.512491999435956025e-01
1.782666409093581095e+00 8.594459952273807435e-01 7.873293464840985800e-02
1.932448916045003129e+00 5.139996183182060641e-01 7.428486182788665050e-03
2.308465959305758375e+00 4.620497212422680078e-01 2.385928106882679450e-02
2.469852370684924470e+00 2.867188459315731519e-01 -2.741898412878486235e-01
2.717552090558866151e+00 1.302498035178432101e-01 -3.853761243485733651e-02
2.640275695847728699e+00 1.794963333797354177e-01 3.331463648438777736e-01
2.999678387704817428e+00 1.459530886030288577e-01 4.596631969822000952e-01
3.132913778428124019e+00 4.123174782541999539e-01 2.220928177980562579e-01
2.842995432230421393e+00 6.467211993315957752e-01 3.025254076263053649e-01
2.891825050072516223e+00 5.964947435589388336e-01 6.773486585333189369e-01
3.265018352012818426e+00 6.638353124106026737e-01 6.382821416825983363e-01
3.183377320021739454e+00 9.891457193504771261e-01 4.563226114066556427e-01
2.936858942470702338e+00 1.079734538043712222e+00 7.299221921945120428e-01
3.200944150211974648e+00 1.034958341189093245e+00 9.954172569575208129e-01
3.441292387842401101e+00 1.257619096075866194e+00 8.145490471179543945e-01
3.214746208571233055e+00 1.527288795247702557e+00 6.914529919859871976e-01
2.936255962690590859e+00 1.751760985864792897e+00 7.966730893880147324e-01
2.814824715850258396e+00 1.809652684255436572e+00 4.500826467407624265e-01
2.535607752277294846e+00 1.561102421526668227e+00 4.522307999731730033e-01
2.363711397019504723e+00 1.717536301903788809e+00 7.486162818640790251e-01
2.035575223198439421e+00 1.876298349937045806e+00 6.453828751113427353e-01
1.793838512289620768e+00 2.087889739606303419e+00 8.444443710611875265e-01
1.423583760505830575e+00 2.068380341743560447e+00 9.020862848761449504e-01
1.218306996216582894e+00 2.337663056669143646e+00 1.072047602244903919e+00
9.464030184676939239e-01 2.243779409964882454e+00 1.314597555028208298e+00
6.113561011943204893e-01 2.428961457598143525e+00 1.347902286992377352e+00
7.092459546671159298e-01 2.636141803194643085e+00 1.644421493324266459e+00
1.024276326205047161e+00 2.751466754460699882e+00 1.478660318582830868e+00
1.274612972303496683e+00 2.514526677535137811e+00 1.616428230131093047e+00
1.527850108596834344e+00 2.366657401409470118e+00 1.379974797768937611e+00
1.654991581578247883e+00 2.010222642315312225e+00 1.386158174856090053e+00
1.934466071303553525e+00 1.863027527825991791e+00 1.177107185051326388e+00
1.986262627868144337e+00 1.505187916544637350e+00 1.064379728940567871e+00
2.267615949274019993e+00 1.348552766406370784e+00 8.633904390217094216e-01
2.357420130174225914e+00 9.828917683333170396e-01 9.127868046235283472e-01
1.992158342308664398e+00 9.155750492905325721e-01 1.007585845399276536e+00
1.886619568660407475e+00 1.000706338157225650e+00 6.496651002521035556e-01
2.036213397629948574e+00 6.811125373490294344e-01 5.005130017401677733e-01
2.009113665461144116e+00 4.630312396184684820e-01 8.130669729408748214e-01
1.627083580313454236e+00 4.675051620918331818e-01 7.957908738934562631e-01
1.572166736187666558e+00 3.033551412565220762e-01 4.495056279043337932e-01
1.864093771231578378e+00 6.218852614267788431e-02 5.066261151154533016e-01
1.641073465534345743e+00 -1.324350418726540912e-01 7.501511691710562868e-01
1.406834746224926214e+00 -2.138570738647894154e-01 4.583316617736563625e-01
1.705758193285233038e+00 -3.694575539099206329e-01 2.795743172392757825e-01
1.826807239746202294e+00 -5.429270389328617608e-01 5.934386782185496756e-01
1.565805532072960249e+00 -6.232101611197973234e-01 8.637051766537591213e-01
1.843384188079222774e+00 -7.416679348647384762e-01 1.092414994270078710e+00
1.897707155966167569e+00 -3.818257465057185995e-01 1.199125838351172257e+00
1.575870022580986962e+00 -3.959019142246910650e-01 1.395950141534051836e+00
1.633401707977957695e+00 -7.607973229969876572e-01 1.487560721398852870e+00
1.389414220894728880e+00 -9.179302627948535687e-01 1.251341197217755496e+00
1.471897818983481487e+00 -1.260246033937550969e+00 1.117422456231293548e+00
1.307637968592095801e+00 -1.219530687234067212e+00 7.814251796648207238e-01
1.482592380284111666e+00 -1.157937000041108666e+00 4.532074337666209263e-01
1.501963210451183750e+00 -8.136736816371029635e-01 2.996028934319887038e-01
1.378035189675189232e+00 -6.765189288104056509e-01 -2.830611998789733796e-02
1.669272115243563892e+00 -7.792645562667372960e-01 -2.540985841540358559e-01
1.658862142676678308e+00 -1.139513819442913745e+00 -1.289034832991464430e-01
1.278752832739004752e+00 -1.173374865289654068e+00 -1.532516737892154757e-01
1.284596253055697801e+00 -1.029035722180059009e+00 -5.085278778105708497e-01
1.557186323912116643e+00 -1.275665030874691075e+00 -6.094367973645444803e-01
1.378351806308720118e+00 -1.570818742989760874e+00 -4.426760038568183231e-01
1.054571091843517383e+00 -1.484758217250904400e+00 -6.272671254387227613e-01
1.241045079509539795e+00 -1.478334731084379738e+00 -9.624195933458445928e-01
1.421173190583705059e+00 -1.806567344798085673e+00 -8.794200301003507469e-01
1.095941960823387573e+00 -1.981866982212510120e+00 -7.794181026465445417e-01
9.541435682737723356e-01 -1.893983611754594287e+00 -1.122723544594695477e+00
1.032980443372113699e+00 -2.133013861138512990e+00 -1.409954521264292548e+00
1.345178093080991788e+00 -2.087274098638568276e+00 -1.622285441787889804e+00
1.168527934846453009e+00 -1.992582792227724164e+00 -1.946003915885037516e+00
9.970440779498637163e-01 -1.686677095835805495e+00 -1.797081113369333627e+00
1.279327973695507215e+00 -1.593800384964650263e+00 -1.558400434458472539e+00
1.466474698179192959e+00 -1.382936751504324713e+00 -1.815329029289315166e+00
1.168218310979463270e+00 -1.154273216982368178e+00 -1.866475533280653298e+00
1.129677389667877341e+00 -1.100111259016615328e+00 -1.491222772957706333e+00
1.495663865942903792e+00 -9.888033060430043708e-01 -1.461992320788445765e+00
1.433503590359097135e+00 -7.278604855620084413e-01 -1.731668853856472401e+00
1.111598672753639327e+00 -5.979127773898647025e-01 -1.573332124165073287e+00
1.152822776960877649e+00 -5.231256290362396033e-01 -1.201999190854907917e+00
8.763783710356208845e-01 -2.720150775583645153e-01 -1.123355938813017429e+00
8.656859266859582291e-01 -4.175667121938597681e-02 -8.202774623215156602e-01
5.236994348579420144e-01 2.648447232330446849e-02 -6.641835187804772112e-01
3.993994756124171763e-01 2.247278520654927558e-01 -3.613756939028076598e-01
5.486971030805203320e-01 5.203961431341468380e-01 -1.741634517981032748e-01
7.890663043019141565e-01 3.237541179882308939e-01 4.603565986839219804e-02
9.838764787043275950e-01 2.288257048524587889e-01 -2.682469355913836839e-01
1.023824228147690585e+00 5.979466073731078968e-01 -3.612587154140806112e-01
1.339081355521581251e+00 6.935533748196204273e-01 -1.663920766599163992e-01
1.619757981022765136e+00 8.580481649428728375e-01 -3.750072323434098243e-01
1.885952379086240027e+00 6.114261935873973597e-01 -4.944370882709571702e-01
1.677081141995677482e+00 2.992878164191353774e-01 -4.325111828336259401e-01
1.672111808400523980e+00 1.792519011374596738e-01 -7.958471816204435445e-01
2.050178812273419027e+00 2.147569155956664255e-01 -8.317283506875483567e-01
2.103096531571211791e+00 2.007741372712454342e-02 -5.069833275416697482e-01
1.848039052823058803e+00 -2.484720594576168007e-01 -6.050351184626729939e-01
2.007341430878275101e+00 -2.924856521839114820e-01 -9.485009158322454947e-01
2.348826228140287853e+00 -3.419783773341959487e-01 -7.848936281125067360e-01
2.215933193802166912e+00 -5.926278129691932017e-01 -5.276578638706186375e-01
2.026526692710067135e+00 -8.076177679669960252e-01 -7.821270297327599375e-01
2.321576344333634800e+00 -7.914051659380533232e-01 -1.030045483909527881e+00
2.548434337745851597e+00 -9.359446025938027436e-01 -7.623717463925777649e-01
2.319057464277680669e+00 -1.236493705993246595e+00 -7.093583437140830172e-01
2.213494228678293485e+00 -1.290558085946586608e+00 -1.069809090860318834e+00
2.393559849150269425e+00 -1.475302220190288782e+00 -1.351802192571982753e+00
2.632734428458255227e+00 -1.264307154238121234e+00 -1.551559153894727983e+00
2.462155849705148558e+00 -1.310777522432527098e+00 -1.879251987747198038e+00
2.134229412909607326e+00 -1.164541307745674548e+00 -1.764283656384056709e+00
2.055981569390951336e+00 -7.986753329908399257e-01 -1.790381431843575122e+00
1.885495102596297823e+00 -6.408444159868775802e-01 -1.496936525803036711e+00
1.649016324588400639e+00 -3.474907944929973569e-01 -1.538398578229434488e+00
1.449906274793595351e+00 -1.571424118617474885e-01 -1.277234407568455410e+00
1.141791510753273897e+00 3.959659906856415751e-02 -1.380901078637603030e+00
9.950725857911126848e-01 2.990797674666553774e-01 -1.159076199510809868e+00
6.905851985584864350e-01 5.100334726752315806e-01 -1.260079585778849820e+00
7.522346614809540810e-01 8.727267493546351229e-01 -1.183965913048834917e+00
4.362896502796961840e-01 9.434299305310035466e-01 -1.031344551351883521e+00
2.673933999495885505e-01 6.620881201350529155e-01 -8.543246348500607157e-01
8.040672261134045040e-02 8.080420750106320771e-01 -5.556839346337888452e-01
-2.584954035908266223e-01 6.752187565183112028e-01 -6.705395570507175496e-01
-1.417876787336513622e-01 4.292642865113141526e-01 -9.408680580190904585e-01
-3.447204776507133972e-01 1.322145992585512519e-01 -8.094680604713049288e-01
-6.625700500467166520e-01 3.448923338174184061e-01 -8.045570154941918961e-01
-5.843293899431351024e-01 4.891082750486676067e-01 -1.153548437909296620e+00
-5.240789421469788101e-01 1.327932195071014343e-01 -1.282051137027739873e+00
-8.658091803160004041e-01 3.406165941469792985e-02 -1.147838725623985479e+00
-1.026698442091167784e+00 3.493812591856811367e-01 -1.289922225839494452e+00
-9.006624506268566810e-01 2.862516780314782738e-01 -1.645494596436319235e+00
-9.913406350345558282e-01 -8.529645444755251660e-02 -1.617386387723513286e+00
-1.346382101502912265e+00 -7.865669987629185511e-03 -1.499241551144993911e+00
-1.394001033267368017e+00 2.382917282540765180e-01 -1.784498679401367305e+00
-1.318553757489800971e+00 -2.199172592214805599e-02 -2.047379354554353270e+00
-1.604560648741180762e+00 -1.327958723562813192e-01 -2.263698487641974122e+00
-1.499244017058499301e+00 -4.907646139793536699e-01 -2.287380341288552277e+00
-1.478344689873932971e+00 -5.183552761469057968e-01 -1.917169027016918159e+00
-1.846934150672778996e+00 -4.741145706880354194e-01 -1.870369442539121074e+00
-1.926924344134956391e+00 -8.343021905974781216e-01 -1.898636718648427868e+00
-1.661110124827857470e+00 -9.266174867916586733e-01 -1.653899645942674690e+00
-1.837534547780035332e+00 -7.772592157407517410e-01 -1.355016164391860123e+00
-2.007225164223675584e+00 -1.024594353041786032e+00 -1.121390020979337043e+00
-2.378150943122301353e+00 -9.874019621639821276e-01 -1.062788005237990108e+00
-2.576307063123804753e+00 -1.114016549383071819e+00 -7.698597208881869935e-01
-2.741344733336363859e+00 -1.376256354018939643e+00 -9.883091958383367626e-01
-2.406079492835577760e+00 -1.502651440082894307e+00 -1.100431933764797865e+00
-2.286732229208991551e+00 -1.501915358036537196e+00 -7.406062165790168184e-01
-2.589755931485761220e+00 -1.703463057894695654e+00 -6.461123094186485005e-01
-2.521602649023767295e+00 -1.954135262605922962e+00 -9.217293943478374052e-01
-2.152110074957839903e+00 -1.983824912289882780e+00 -9.006253481242018077e-01
-2.051667753393759508e+00 -1.887933590242789395e+00 -5.528330722960985710e-01
-1.734898317146303492e+00 -1.742721011213832050e+00 -4.257438517539102740e-01
-1.523240693360485620e+00 -1.872016726832904654e+00 -6.878664180673631501e-01
-1.659693529759359132e+00 -1.654727785685202290e+00 -9.560567816840166433e-01
-1.533032932165933282e+00 -1.334585082881604823e+00 -8.062324166057684982e-01
-1.208917737095925204e+00 -1.326857015279987007e+00 -9.742189406759212966e-01
-1.334985696748183459e+00 -1.512600411366734843e+00 -1.274100126047059911e+00
-1.097583160598742946e+00 -1.783170014835252282e+00 -1.237440654551469565e+00
-1.040765601656125527e+00 -2.014499061613332032e+00 -1.284666651601628962e+00
-8.277785533274024665e-01 -2.107642046247008683e+00 -1.139709549565154134e+00
