-6.190816568099094530e-01 -2.672378186452272431e+00 3.407428073559684578e-01
-7.012340967053232177e-01 -2.998845544161022669e+00 1.763779226136245326e-01
-4.596702820707077586e-01 -2.965474578512413917e+00 -1.054559595016356793e-01
-1.419130572939876211e-01 -3.141473868487042242e+00 -1.115513769255814941e-01
4.858041703441540876e-02 -2.841002037127329238e+00 -2.234747705345265789e-01
-3.215209747208185032e-02 -2.495190384883288814e+00 -3.134822168344963411e-01
1.410646637366134160e-01 -2.163473589993393897e+00 -3.675600980457459643e-01
1.967431091238466823e-01 -1.892540643265882006e+00 -1.070347018401879985e-01
1.144235419405883886e-01 -1.526679942800825751e+00 -1.809971922205003692e-01
2.444073934182479924e-01 -1.222947886520768135e+00 1.108389799003416977e-02
2.088258997480975099e-01 -8.460100185761397773e-01 -1.716626875244762346e-02
4.543318791799019762e-01 -7.295339653710556371e-01 2.521365814330919219e-01
3.636716840223979119e-01 -3.639538139979356934e-01 2.111416812085985528e-01
4.653838687837346111e-01 -3.502426837178816699e-02 3.670381855532959259e-01
1.687875887918283135e-01 -1.612602119699515016e-02 6.042840421307892340e-01
1.861127546588784917e-02 -3.621970694425338255e-01 6.094568259634288721e-01
1.360921753601791462e-01 -7.203243902720848357e-01 5.506526796495222476e-01
-1.204557687495830393e-01 -9.372026492684878418e-01 3.686906700626091382e-01
-5.148445343963481413e-02 -1.308847249000444135e+00 3.243431693903769952e-01
-2.155073486732229371e-01 -1.644323260500617279e+00 2.490244581767475929e-01
-2.451244015390922903e-01 -1.928351769053540554e+00 1.866151906316781744e-03
-3.360611557066369715e-01 -1.910685764230485084e+00 -3.648210955087539120e-01
-7.051373560772523641e-01 -1.966383716920732994e+00 -4.399202897032607473e-01
-8.237869382685920616e-01 -1.794194736651426814e+00 -1.269459561503508693e-01
-1.052769993410511695e+00 -1.497500052974436446e+00 -1.766036277330949034e-01
-9.148724886845353010e-01 -1.297342090060009001e+00 1.120926953445313262e-01
-5.763601159865657797e-01 -1.297861859504058080e+00 2.945780243878997617e-01
-5.440023279850272342e-01 -1.539467989602147702e+00 5.871287845142554307e-01
-3.095849233777132059e-01 -1.309224723998736017e+00 7.760064193491834628e-01
-3.277305015675214817e-01 -9.291769696973072312e-01 7.838627345867221763e-01
-1.140012896479941085e-01 -7.267096541164590473e-01 1.026902824033097072e+00
6.763161389674289536e-02 -3.859264053293469665e-01 1.043601410169672672e+00
4.274740497284831298e-01 -3.788545252646711159e-01 9.100435060651045349e-01
5.801242155254359156e-01 -2.527969409380778631e-01 1.236210446858350798e+00
8.803146015798657409e-01 -3.783957585530101642e-01 1.427810721543138373e+00
8.936643377733508586e-01 -2.540333680262704674e-01 1.787201976482124088e+00
1.179418072743740220e+00 -2.164561486950840330e-01 2.030099757100529256e+00
1.184674121723413354e+00 -8.360788436278529523e-02 2.392294844453192404e+00
1.135171503677815830e+00 2.894017112530857250e-01 2.429633049087441155e+00
1.384593840541384901e+00 3.354142754334624721e-01 2.699181705057250635e+00
1.647077071758484168e+00 1.177556116143736592e-01 2.673358048215512817e+00
1.786185874515779481e+00 4.429949465830125555e-02 2.941590852964113711e+00
1.692486021210839908e+00 1.056236267277549379e-01 3.185883783819454251e+00
1.698849978721610698e+00 -2.019144942902368900e-01 3.282497834595430319e+00
1.934442879810907234e+00 -3.872089589983589986e-01 3.372666682144402461e+00
1.792096515299657522e+00 -6.898175412478053659e-01 3.274851876880381596e+00
1.659975375644308526e+00 -8.089041123666901312e-01 2.984230435471831644e+00
1.363737414951534666e+00 -8.348236693947612697e-01 2.834774163574037331e+00
1.164871239882637743e+00 -1.105981606692223229e+00 2.734678312834402103e+00
1.237402856990833744e+00 -1.109033068264523747e+00 2.381326905628287527e+00
1.445990056713286176e+00 -9.124778564678780457e-01 2.153922158374466989e+00
1.193834625479452960e+00 -7.829180421209644969e-01 1.919156222671307477e+00
8.331197156896038569e-01 -7.353796224348891908e-01 1.891073237823254871e+00
6.642267162737641728e-01 -7.641439229597178917e-01 1.551644818800970604e+00
3.211295329498917717e-01 -6.825533351404896587e-01 1.408667044915683508e+00
2.307898342347288606e-02 -7.568108031440242689e-01 1.628767654555931532e+00
2.418538137332688076e-01 -7.897282500474340772e-01 1.937772971533884947e+00
4.059497830988298972e-01 -4.566406332876159491e-01 1.861601011542263651e+00
6.442199921775779159e-02 -2.937686502685974421e-01 1.820146069523695953e+00
-5.959483343337579342e-02 -4.455902735198156717e-01 2.148958404290761681e+00
2.441444571731869184e-01 -3.347608645769575286e-01 2.349691004655741988e+00
2.863947245622577853e-01 -5.856157832325250027e-04 2.170514317799591808e+00
2.918786397623828188e-01 2.186114494250779305e-01 2.484198326761513531e+00
6.189227059962629784e-01 7.030564738684716430e-02 2.606613238765456586e+00
7.766345758721242554e-01 4.127248017438556182e-02 2.260949810423050987e+00
9.069074080780442637e-01 2.631315629763125163e-01 1.985941760881936302e+00
7.845555817104949980e-01 1.526599921844460361e-01 1.644531882721687932e+00
9.705030432177299549e-01 1.369453836285511872e-01 1.314188181760953311e+00
8.778324629024371051e-01 3.868924294472039782e-02 9.615361021991642998e-01
1.140461575120337523e+00 -1.450513259808879352e-01 7.505462381637966196e-01
1.009059824472242406e+00 1.507434941749132180e-02 4.298272262617811035e-01
1.040190045127651564e+00 3.854697426041397423e-01 3.530613205072702376e-01
9.021310404291188467e-01 5.630896415025070656e-01 4.481118980163403820e-02
7.946556432584944707e-01 2.256928425839507535e-01 -9.741465049604683402e-02
1.152907496517354469e+00 9.750529926915663115e-02 -8.382020357375676023e-02
1.287735716779499384e+00 -1.626318652030942780e-01 1.629942574164948144e-01
1.553219066053280750e+00 5.791432485582005164e-03 3.789132875730329975e-01
1.613607443693617638e+00 -2.243945583739019034e-01 6.723041240073546199e-01
1.670191686963548028e+00 -5.851133001541228840e-01 5.694741505959575179e-01
1.717896599059824281e+00 -7.532419497500800754e-01 9.100726331186058671e-01
1.387449823082278266e+00 -5.985294359870788616e-01 1.025149337857233611e+00
1.227914287027530138e+00 -7.119142673722425041e-01 6.958236416265509705e-01
1.356429789193621005e+00 -1.067651127373072883e+00 7.622064328639411857e-01
1.183229799018863382e+00 -1.053157388940143102e+00 1.104218635386456260e+00
8.553572427079919605e-01 -9.542792177937071685e-01 9.287791570574044364e-01
8.879268855039039732e-01 -1.249488237605071328e+00 6.857368261964947864e-01
9.806501241048134476e-01 -1.490278178152940391e+00 9.709616188133755044e-01
6.797132854078593578e-01 -1.370960264221926073e+00 1.173531619425483674e+00
4.513909421294730051e-01 -1.395209055328409109e+00 8.654271387856610209e-01
5.394874559840122652e-01 -1.752338872678657067e+00 7.744142645350885479e-01
6.147575808687023580e-01 -1.928213765186248541e+00 1.101399191830248814e+00
3.933101864872617925e-01 -1.748534820783586019e+00 1.354008428762569771e+00
9.564163068530506795e-02 -1.593731323832664470e+00 1.174524501223002559e+00
3.534069897566598922e-02 -1.839002220323321168e+00 8.873578564131185953e-01
2.060277733787151400e-01 -2.136207533119691693e+00 1.056221079564890974e+00
3.549614415442934323e-01 -2.264289155274833210e+00 7.324541467093628189e-01
6.936944913249896150e-01 -2.374001804352805500e+00 6.056381083324409165e-01
8.034664596738597675e-01 -2.187497274502410161e+00 2.877370648489542826e-01
1.022894813381991064e+00 -2.491024926751887136e+00 2.164097935435808084e-01
7.211286632779568828e-01 -2.684962022594031605e+00 9.235343849653658566e-02
5.380686735010092869e-01 -2.401342890167348365e+00 -8.545528932258472654e-02
6.269435259417016626e-01 -2.196759404643321645e+00 -4.001888478085930956e-01
6.179236500190296022e-01 -1.830276424989626838e+00 -2.958505738320575951e-01
4.909932211147314263e-01 -1.526690577829056483e+00 -4.891696648000541936e-01
6.335074964724101143e-01 -1.190329771688482419e+00 -3.848094023159538968e-01
5.440520599963964976e-01 -8.471255220376022743e-01 -5.258443879262536536e-01
7.465453076313626202e-01 -5.329051101281681024e-01 -5.933347128125120440e-01
6.869361350770617491e-01 -1.596565816180203767e-01 -6.188775308527608709e-01
7.031625226469226941e-01 2.765926782772816159e-02 -9.535074716398754813e-01
1.066199536817525662e+00 1.105688865220258027e-01 -1.041845626460525587e+00
1.214778651091044326e+00 -9.569154729528177306e-02 -7.593023275022946494e-01
1.601559392639256840e+00 -1.088457577757054456e-01 -7.575373909190165067e-01
1.762035044372795012e+00 -4.160938936638964303e-01 -9.150911767356429971e-01
1.981094303186898165e+00 -4.762458871683326045e-01 -6.118007076594993432e-01
1.674477271363567832e+00 -4.836134155568583282e-01 -3.825253866970410588e-01
1.515888317711192590e+00 -7.549760620563291669e-01 -5.989313928297849143e-01
1.844253203484772952e+00 -9.513491846988518796e-01 -5.884444549860377016e-01
1.860621716399826875e+00 -9.189088604589353837e-01 -2.069647798934861893e-01
1.496470096532240390e+00 -1.030840200010918917e+00 -1.715436559132337280e-01
1.571516887916451610e+00 -1.331805948984407628e+00 -3.977318810904232338e-01
1.880621508327668945e+00 -1.421193387609942071e+00 -1.920724009970346258e-01
1.690709481815489523e+00 -1.404468551815169830e+00 1.421277434296184250e-01
1.406290728546046642e+00 -1.622776615333279659e+00 9.492811577336673565e-03
1.638922470314905677e+00 -1.897434260150690166e+00 -1.184438912179182207e-01
1.905827174828435666e+00 -1.883968853412450795e+00 1.559452528905048985e-01
1.712754434459458075e+00 -1.804441621614641722e+00 4.750727320594827496e-01
1.366534498605230130e+00 -1.942850513719329042e+00 4.053105287159124437e-01
1.466987143376142333e+00 -2.220788505035923954e+00 1.612972246811009980e-01
1.185458930496433361e+00 -2.182494040461547158e+00 -9.560051142643487265e-02
1.158416379962398102e+00 -2.451362536051123087e+00 -3.712288180746535216e-01
1.050980819264790034e+00 -2.193912221771173954e+00 -6.282721798218476872e-01
9.539462407726133630e-01 -1.826658571525261232e+00 -6.298613477568958396e-01
8.411585927080121872e-01 -1.542741165589001984e+00 -8.545550357097979610e-01
8.210128921134276503e-01 -1.162232606098306587e+00 -8.298956408747766300e-01
5.544180480564583346e-01 -9.524803122061220595e-01 -1.003234333835375969e+00
4.837797861649466569e-01 -5.758692235650471059e-01 -9.983825265969045182e-01
2.027124834693052047e-01 -4.546427574656519144e-01 -7.672424124512096100e-01
1.594815770956311760e-02 -2.544419915552327827e-01 -1.033013981058587882e+00
-2.642385742043354760e-02 -5.460740103833400250e-01 -1.279652870164153189e+00
-1.677077507643112975e-01 -7.682629994341192425e-01 -1.003216600779637480e+00
-4.210767050405573309e-01 -4.965634725096545465e-01 -9.104152609116243910e-01
-5.221606011422966764e-01 -4.701967232611509173e-01 -1.277751243798619374e+00
-5.689463790483103578e-01 -8.516857816991075802e-01 -1.294685058131302968e+00
-7.893584001144081652e-01 -8.316016898300848670e-01 -9.811123056485432370e-01
-1.001961075410104929e+00 -5.745653183760806026e-01 -1.165624979131362871e+00
-1.036211902007866836e+00 -8.116758218281076021e-01 -1.461917054457913423e+00
-8.323839019308576503e-01 -6.361691931269080058e-01 -1.727216233914969923e+00
-4.943294559391169241e-01 -6.672377504827089467e-01 -1.900001235850010239e+00
-4.818878291993820007e-01 -3.063719058583878052e-01 -2.025490901748470574e+00
-5.464568496682562504e-01 5.376648554481867903e-03 -1.815571055666129086e+00
-3.992782630231354046e-01 2.685389653282740929e-01 -1.587565661922524241e+00
-3.491135340080371852e-01 1.925322899213108563e-01 -1.219527413863993992e+00
-3.408753379411305628e-01 4.569066512611181241e-01 -9.469512414035194947e-01
-1.922261829050807003e-01 2.864956210676885551e-01 -6.396973191170145512e-01
-1.700807183195852390e-01 4.769245030658674778e-01 -3.133603740874897903e-01
-8.045842792221431783e-02 2.795907892261856875e-01 -3.223895611512791852e-03
1.203606053550310417e-01 3.915488810630135541e-01 2.961515911273117641e-01
4.407986582419871069e-01 4.557570154804906903e-01 9.317495874622098995e-02
4.097957634072787458e-01 6.682598814627764838e-01 -2.196031221711721992e-01
1.453078531516104333e-01 7.306740665063461426e-01 -4.893919438778703279e-01
2.167066147254571584e-01 5.867821892147184748e-01 -8.352461922261327221e-01
4.036441701239121271e-02 6.053740718918045882e-01 -1.167990224866837901e+00
1.307462544390711745e-01 3.015281511866650388e-01 -1.380785861694378891e+00
-1.959436357493697569e-03 2.665479038360771269e-01 -1.740783154372453900e+00
-2.361466694409406972e-02 -9.831222655909910291e-02 -1.849808082758988004e+00
-7.951722898887339519e-02 -2.328464824174339143e-01 -2.201000656635989206e+00
-1.382087197632669850e-01 -6.083052508710328210e-01 -2.245812243230236760e+00
1.174507310785390113e-02 -7.088910279125840708e-01 -1.909040624616554105e+00
3.217417478834271871e-01 -4.937608053346000392e-01 -1.941739386382569155e+00
3.939761760957115611e-01 -1.494183553421638833e-01 -1.800988094472101952e+00
4.733414032423413631e-01 1.085439702234583803e-01 -2.068044656423365879e+00
8.299828635035549906e-01 2.474275114649611140e-01 -2.097291364985056639e+00
8.945092548407430622e-01 5.990288906848273420e-01 -1.973444489114718925e+00
5.410678396612536023e-01 6.667971508015487769e-01 -1.859475181558601697e+00
5.246846986634651211e-01 5.669547945824703339e-01 -1.491174032698054930e+00
4.699259084162898947e-01 8.772743193634900960e-01 -1.276723605295897013e+00
4.892844387691498431e-01 9.371555542391583060e-01 -9.034823057982648287e-01
3.449720081765399460e-01 1.172186723319538437e+00 -6.443959266316200418e-01
5.492341756512504336e-01 1.179882143209357359e+00 -3.250955463324016192e-01
2.581919868507981941e-01 1.175567357006806812e+00 -8.346045698723456030e-02
5.486024745976242345e-02 8.801705735324335533e-01 3.794616281311379014e-02
-8.469712407209323279e-02 7.354258405981625168e-01 3.626097066386412826e-01
2.077900800551631122e-01 8.009879486661598547e-01 5.995402332265681311e-01
2.321288857345722434e-01 1.164325283849009018e+00 4.861421233773731143e-01
-1.452603355855168477e-01 1.204544750571699518e+00 5.305549316363498136e-01
-1.168346756303765416e-01 1.059692353996305014e+00 8.879579714443665006e-01
1.631277739166259177e-01 1.312955362280450844e+00 9.545061344635095146e-01
-4.977927198620693550e-02 1.597184419061554284e+00 8.056630691399293553e-01
-3.501231433213625732e-01 1.493259084093428335e+00 1.019570207516161009e+00
-1.242221405392029132e-01 1.496272925034575874e+00 1.328979997308380900e+00
-8.537628673273017429e-03 1.847445359268301779e+00 1.230112309378967428e+00
-3.635664702748171995e-01 1.988067015637386525e+00 1.189203770827343964e+00
-4.785326472387631536e-01 1.824373035756411188e+00 1.514966656035414250e+00
-1.752317991306210909e-01 1.993157132269344656e+00 1.679795613281511946e+00
-2.868408434469278401e-01 2.320625710662153285e+00 1.517560476703334604e+00
-6.326654225699617218e-01 2.270798862519593619e+00 1.672911440036449537e+00
-4.658830200491608786e-01 2.212015246329821050e+00 2.010171849046085590e+00
-4.586610247532705853e-01 1.839898736778709187e+00 2.066789571737547959e+00
-1.246383443301811444e-01 1.694503795901834975e+00 2.155421609042022624e+00
5.814965775038291856e-04 1.372732272589754166e+00 2.004590425621915806e+00
3.723398591238351041e-01 1.317855479808009322e+00 2.031903458424026088e+00
4.658208172595666441e-01 9.505007021318384597e-01 2.047177282893172023e+00
4.778149070248094432e-01 6.673732653162940398e-01 1.793151730657011944e+00
1.923473658490618965e-01 5.000030590638828709e-01 1.980759612150303939e+00
-1.259710171499535403e-02 8.186468654512647491e-01 1.955547101561319279e+00
5.629617567681823725e-02 8.312769047917043519e-01 1.580536470664744675e+00
-1.369391238993409587e-01 5.028812516289493662e-01 1.549996372008556555e+00
-4.332472027084595112e-01 6.688594563324693487e-01 1.727802980569630886e+00
-4.132831356348688479e-01 9.494121466953354682e-01 1.465497265035746510e+00
-4.055270845887182229e-01 6.791318112316750977e-01 1.195767124891027544e+00
-7.271430846860540420e-01 5.304229466456024111e-01 1.345547971075576665e+00
-8.919087703834864822e-01 8.790246971461832537e-01 1.327438999401131747e+00
-7.789161774578028385e-01 9.052693432347388436e-01 9.604682027116010490e-01
-9.283717611459265662e-01 5.657213154958924406e-01 8.703208601193286320e-01
-1.260269585977504381e+00 6.206367884989666406e-01 1.050856065146596796e+00
-1.354915992589654561e+00 9.881718243393313728e-01 1.032556381109026145e+00
-1.201248064031227969e+00 1.149350913754725312e+00 7.209346113651797783e-01
-1.374756901877585813e+00 1.193874061679563336e+00 3.830655830072786650e-01
-1.327440328294704042e+00 1.369951709268062423e+00 4.691204787379753965e-02
-1.532243673787587745e+00 1.684589330037516985e+00 -9.596295981382532009e-03
-1.724183326900447399e+00 1.684000540263109080e+00 -3.383413528078949573e-01
-1.735896055453638454e+00 2.060262078068665570e+00 -3.202965501358765454e-01
-1.497930165147173254e+00 2.206125271542910937e+00 -5.934952164231816624e-02
-1.685562046409778914e+00 2.533801458753545344e+00 -1.313046707035347808e-02
-2.013585295200571057e+00 2.359130510858110430e+00 6.333134021564058858e-02
-1.853660606745057393e+00 2.155813256029363689e+00 3.436739967900985793e-01
-1.698431463553823795e+00 2.476111786779051638e+00 4.808695943804112694e-01
-2.042664786668471066e+00 2.640079349859041802e+00 4.777325933093279353e-01
-2.187701752445522452e+00 2.339973067048825683e+00 6.650939896442603638e-01
-1.909102453122041076e+00 2.367866195073169422e+00 9.185893102522147968e-01
-1.967126540660247169e+00 2.741566668246812277e+00 9.566443623764823156e-01
-2.335747111222021388e+00 2.687118876893769492e+00 1.018525426557643998e+00
-2.249821050822352397e+00 2.413009790307357516e+00 1.267090336358424940e+00
-2.475140080551764488e+00 2.151845926260707920e+00 1.130297592052200706e+00
-2.331589239856924234e+00 1.837449385438054694e+00 1.263807051534803660e+00
-2.010544786390809247e+00 1.810250990551631745e+00 1.072546839508972338e+00
-1.796195453563041333e+00 1.793150126532901512e+00 1.383448398024497372e+00
-1.762337400486441830e+00 1.440567693739329025e+00 1.516109418802653375e+00
-1.626003125550352202e+00 1.292401250998376883e+00 1.837617367022837955e+00
-1.345588284586271000e+00 1.047042374520799068e+00 1.902365491808900133e+00
-1.261925413347146696e+00 8.973863157854237160e-01 2.240978566159494978e+00
-8.990773259366559023e-01 8.484925692655707063e-01 2.338105510785922103e+00
-7.924917765627891297e-01 5.348483960331924525e-01 2.531806010147556574e+00
-7.347447643519573468e-01 6.940532413238093001e-01 2.856054198916387676e+00
-9.979941800511420436e-01 8.978557899108888796e-01 2.803216280545797634e+00
-1.073482547062308390e+00 1.201142242114573877e+00 2.701549364607586323e+00
-1.309851474113648440e+00 1.286941578429804389e+00 2.423978873719306648e+00
-1.185180975480731869e+00 1.506117088492392231e+00 2.139004638889912879e+00
-1.381327582159355138e+00 1.655992800204211912e+00 1.847964204201133276e+00
-1.269475880974417992e+00 1.685268404000090037e+00 1.487320906170432888e+00
-1.441023994692923305e+00 1.906297760575061284e+00 1.229648019748569299e+00
-1.289592211439814395e+00 2.080638861859694266e+00 9.303898354193284037e-01
-9.912210696938474896e-01 1.846615795380143865e+00 9.739838025456748483e-01
-1.202555526419334164e+00 1.558250420703625405e+00 8.329816743324418571e-01
-1.215650749062315406e+00 1.690065576339840447e+00 4.731887485772313107e-01
-9.024175429495422396e-01 1.908711662555094168e+00 4.946673151079128972e-01
-6.724598860722994509e-01 1.604016706194899555e+00 5.272136603715953385e-01
-7.479866402891685029e-01 1.412420734779322284e+00 1.983528599570510698e-01
-7.671376355000333325e-01 1.737440069719886626e+00 -3.418640332658452567e-03
-3.836625753575728659e-01 1.727718101288657992e+00 -5.586158448101858492e-03
-3.969319404761438297e-01 1.450336449951118656e+00 -2.704277375591144228e-01
-5.792929220491701559e-01 1.683396817652816013e+00 -5.101918718234135230e-01
-3.838704637742170189e-01 1.994177334897558218e+00 -4.137315571286195870e-01
-2.601149581479008863e-02 1.941539940793085783e+00 -2.972605913210037976e-01
1.597304353860662385e-02 2.312729451880217280e+00 -2.419896262176167712e-01
-1.451239324937050601e-01 2.268552566411569771e+00 9.245782438436324358e-02
1.651520072656137150e-01 2.094333691709634682e+00 2.076642843206979450e-01
3.920989889532776052e-01 2.321570299901138501e+00 9.351558742116312245e-03
4.777747138007896188e-01 2.086390372245842784e+00 -2.632552230853067443e-01
5.237740897335061430e-01 2.199610834363572298e+00 -6.191817836141662035e-01
4.089025965349024627e-01 1.869253713754831958e+00 -7.639802769804817650e-01
7.999583297885823341e-02 1.816533662060624055e+00 -9.359138016902381896e-01
-2.022096813857480468e-01 1.624119067038572561e+00 -7.699254581598138358e-01
-3.475476688586802143e-01 1.282714742629762039e+00 -8.433344885444659100e-01
-5.757451231522879853e-01 1.387433151639300588e+00 -1.129248956374238055e+00
-3.111490944993375307e-01 1.583640833047244012e+00 -1.314190984763993875e+00
-5.072063284398280192e-02 1.311010407300954306e+00 -1.256309387815455425e+00
-2.969206944752915134e-01 1.055179076624159773e+00 -1.400414642347686200e+00
-3.703845915378114473e-01 1.270938939104257370e+00 -1.707246057348363877e+00
-2.287567687448397585e-03 1.350380979562272987e+00 -1.773203028042502183e+00
8.107809114842537412e-02 9.772201156202990902e-01 -1.754023093164443381e+00
-1.858143416293553396e-01 9.031351170790025140e-01 -2.020438762990221626e+00
-8.231429746294484373e-02 1.197389331856691719e+00 -2.241305539955051884e+00
2.828488196900315610e-01 1.092594634702097611e+00 -2.263955134849905626e+00
1.729525349008805002e-01 7.544769445660759466e-01 -2.400740746355925381e+00
1.194429072913064382e-01 7.014247208429097435e-01 -2.774489545222190046e+00
-2.039787864642535753e-01 8.267534216063203711e-01 -2.931202640376203039e+00
-3.839341580522495634e-01 4.971645753178763338e-01 -2.996689892656870580e+00
-3.050787164349881841e-01 3.626659916270169037e-01 -2.649257133182272295e+00
-4.665790192355867561e-01 6.587945195274882426e-01 -2.468757722275581212e+00
-8.272999680976629300e-01 5.565971287933721978e-01 -2.543352238666559906e+00
-7.865155626254732857e-01 2.231257971083786540e-01 -2.362928083529462153e+00
-6.135216493408431893e-01 3.936247281927415242e-01 -2.067343110103565529e+00
-8.980037713213122608e-01 6.497156272827837586e-01 -2.033365787354371790e+00
-1.160999433202960285e+00 3.737196573936671373e-01 -2.034365870932465015e+00
-9.899915788007023210e-01 1.587110687116381202e-01 -1.769921338956615298e+00
-8.786990218144176135e-01 3.559649140695705927e-01 -1.461741634840595383e+00
-8.108232911129670262e-01 1.424421272189811960e-01 -1.153070189073051255e+00
-7.765858541102158563e-01 2.894458638469709633e-01 -8.041162918717066344e-01
-5.799869863712550089e-01 6.989793685551991265e-02 -5.639849914354136962e-01
-4.440225153711734873e-01 6.448740281493801907e-02 -2.066786342995594328e-01
-5.747924277017242289e-01 1.742726432104010903e-01 1.300733652967297482e-01
-5.360261067928310252e-01 5.510266485481970511e-01 7.807046474640330636e-02
-7.891147426377238538e-01 5.283117265691028575e-01 -2.092441938782775290e-01
-1.055595285273009942e+00 4.127286873699617109e-01 4.064164763578695383e-02
-1.164556028431735779e+00 7.621654933023762624e-01 1.529322475681464955e-01
-1.542540874074877610e+00 8.214234195403569139e-01 9.664960456050020188e-02
-1.612149746675547446e+00 1.024539111898969512e+00 -2.189102983746584463e-01
-1.268755659480754527e+00 9.958088582505184583e-01 -3.834855616740805440e-01
-1.385283010631603418e+00 8.393972669511488016e-01 -7.134786559200140266e-01
-1.692526255880417496e+00 1.064851572266160895e+00 -7.207362532607589634e-01
-1.468962450645157958e+00 1.373948078075853507e+00 -6.779625350297644459e-01
-1.242240934800674212e+00 1.261752587273289761e+00 -9.635957160191491733e-01
-1.540175068203438302e+00 1.212073857501573038e+00 -1.194344459632750155e+00
-1.704482378342486060e+00 1.539228391986295241e+00 -1.084817833906632112e+00
-1.400081547960275064e+00 1.753604373553356410e+00 -1.165132275462702482e+00
-1.359135465594346837e+00 1.621596396664513717e+00 -1.521173917536960296e+00
-1.736554113647882591e+00 1.640660528312623212e+00 -1.577862761973338301e+00
-1.728102414955856148e+00 2.002979112551344532e+00 -1.471076341936389476e+00
-1.446922090977382336e+00 2.069382033753163430e+00 -1.716030221869116357e+00
-1.644552274344778464e+00 1.892849376182923704e+00 -1.986139567511606474e+00
-1.401721408021423310e+00 1.776800428475994176e+00 -2.254377311931353045e+00
-1.530791557784928258e+00 1.698690355080650471e+00 -2.597727221232267070e+00
-1.333823192004522040e+00 1.389703549910002112e+00 -2.612320361110333611e+00
-1.247124554609348790e+00 1.105888388352023632e+00 -2.407283510333209975e+00
-1.296679643350082012e+00 1.131860794605069831e+00 -2.045640721987023625e+00
-1.187588712159144189e+00 9.019818817373236319e-01 -1.764906314151259314e+00
-1.387943999117008831e+00 6.021840239579339116e-01 -1.655169902695281303e+00
-1.311695646621389821e+00 4.405633124418437685e-01 -1.320053594646482198e+00
-1.360449226908093889e+00 6.382789417944591259e-02 -1.314925054725793574e+00
-1.211108117116933780e+00 1.410063345841648967e-03 -9.703079862877282968e-01
-1.362146640692559973e+00 -2.367663606105599172e-01 -7.109268685944334365e-01
-1.539723012045265849e+00 -7.620968477776432493e-02 -4.126403236185289813e-01
-1.293932573975035583e+00 -2.356848535980645143e-01 -1.718551984228710305e-01
-9.433496063881713356e-01 -1.575038216303543404e-01 -2.921680593619006006e-01
-7.327538083677707093e-01 -2.628755024545416097e-01 6.315503335749674679e-03
-6.285582273811126663e-01 -6.180140233524079596e-01 -8.043906243678920764e-02
-6.321974847082389992e-01 -5.938455950270230543e-01 -4.639337372638426826e-01
-2.584833519764757614e-01 -6.658524420353912898e-01 -5.118623447695930251e-01
-2.899420842056846803e-01 -9.800603906357858719e-01 -2.951531559786726433e-01
-6.117612719566012380e-01 -1.087850756698880650e+00 -4.782157227115259035e-01
-4.374830918680129299e-01 -1.049660476783336405e+00 -8.160633737872947657e-01
-1.467593369396903991e-01 -1.255373485125630184e+00 -6.841150464373515483e-01
-3.938306959183019429e-01 -1.523063750349141987e+00 -5.743717662497113130e-01
-5.317714790991516782e-01 -1.525237798388579646e+00 -9.315129154119266008e-01
-1.779783723960723929e-01 -1.532531656153160116e+00 -1.084776037843705909e+00
-4.953442218590253104e-02 -1.810969879802423188e+00 -8.584409493312932238e-01
-3.530791586172118413e-01 -2.027821411966630016e+00 -9.344124290115221054e-01
-2.875261257867903208e-01 -2.012279164982823776e+00 -1.309387497266857103e+00
-1.259617620072556177e-01 -2.294562747552876036e+00 -1.498117238581832211e+00
1.235147155222951904e-01 -2.061793164310879778e+00 -1.643909982210507437e+00
2.750353034196436619e-01 -1.983354913250740204e+00 -1.304170551816243639e+00
4.797686551526607057e-01 -2.302226550467093791e+00 -1.318916653560481267e+00
6.377900507891599569e-01 -2.182106172768131014e+00 -1.641999651505012148e+00
7.096340153190375810e-01 -1.839132637433197992e+00 -1.498525857063558231e+00
8.644447620173656421e-01 -1.937344294658810195e+00 -1.165998516331647972e+00
1.233328270508330160e+00 -1.942021518810277847e+00 -1.073584305504586389e+00
1.336932877778146178e+00 -2.280721921199056368e+00 -9.336824185206961113e-01
1.619491905030550294e+00 -2.368166807763788739e+00 -6.928669915205871721e-01
1.797785398039543070e+00 -2.551541397322073301e+00 -9.768381127988584600e-01
1.787698239571201331e+00 -2.232109239011059731e+00 -1.185489591331866599e+00
1.914805936844497403e+00 -2.032529404542338103e+00 -8.851326440756304148e-01
2.204919351590073351e+00 -2.279023650165082682e+00 -8.423003382138674056e-01
2.295148493517427113e+00 -2.233592407105720490e+00 -1.209470823997197408e+00
2.263595266902673320e+00 -1.861432982637792666e+00 -1.251447572262735619e+00
2.238443282532070810e+00 -1.695816272396852842e+00 -9.098942375348676448e-01
2.050879567526423752e+00 -1.375007563104559738e+00 -8.474546531899107560e-01
2.069630888149703640e+00 -1.283391642899956997e+00 -1.212920313016871310e+00
1.810138228851567499e+00 -1.548036395525612896e+00 -1.303697156487579667e+00
1.545446145078979150e+00 -1.342295030971672354e+00 -1.142995318475877209e+00
1.600173016766388789e+00 -1.063340418436876211e+00 -1.386934617284898863e+00
1.574723194296709927e+00 -1.304354810488529415e+00 -1.671662275715084967e+00
1.227570920467636828e+00 -1.429514440306911993e+00 -1.580134406241581635e+00
1.090500060987316999e+00 -1.120093999575757726e+00 -1.408139516816379500e+00
1.057639442802237317e+00 -7.760231258245910979e-01 -1.558609444966172264e+00
