#! FIELDS phi psi file.free der_phi der_psi
#! SET min_phi -pi
#! SET max_phi pi
#! SET nbins_phi  32
#! SET periodic_phi true
#! SET min_psi -pi
#! SET max_psi pi
#! SET nbins_psi  32
#! SET periodic_psi true
   -3.141592654   -3.141592654    5.108383882  -13.771105017    4.216920422
   -2.945243113   -3.141592654    3.160797617   -7.746743128    4.943344011
   -2.748893572   -3.141592654    2.373177529   -2.792400714    2.436326472
   -2.552544031   -3.141592654    2.230270547   -0.947609541    0.615715262
   -2.356194490   -3.141592654    2.304202866   -0.235587638    2.663261215
   -2.159844949   -3.141592654    2.525979953    0.564119270    3.926668977
   -1.963495408   -3.141592654    2.955823858    1.974198910    2.876926218
   -1.767145868   -3.141592654    3.617184787    2.200051291    3.219805574
   -1.570796327   -3.141592654    3.982816643   -0.516656951    4.247005408
   -1.374446786   -3.141592654    4.029857237    0.264859369    4.210937884
   -1.178097245   -3.141592654    4.778891645    5.844917616    6.447528620
   -0.981747704   -3.141592654    6.666970762   11.288653414   11.651068364
   -0.785398163   -3.141592654    9.479523812   15.271264662   14.759269853
   -0.589048623   -3.141592654   12.969950422   18.340485626   14.042346642
   -0.392699082   -3.141592654   17.139699880   22.085404016   13.271088731
   -0.196349541   -3.141592654   21.555494338   18.446630152   10.521417374
    0.000000000   -3.141592654   23.666328046   -0.843480175   -0.092749576
    0.196349541   -3.141592654   21.661265858  -19.386239016  -10.021242709
    0.392699082   -3.141592654   17.556380420  -22.014259969   -8.624133465
    0.589048623   -3.141592654   13.797101607  -18.084158644   -3.810792061
    0.785398163   -3.141592654   10.803542620  -14.088905318   -2.828432304
    0.981747704   -3.141592654    8.810999770   -7.588832936   -2.326895412
    1.178097245   -3.141592654    8.366811796    1.408261766   -2.102893149
    1.374446786   -3.141592654    9.729974192   10.050409126   -2.895814140
    1.570796327   -3.141592654   12.287764984   12.663415020   -2.716423659
    1.767145868   -3.141592654   14.629591628    8.762721950   -2.010573503
    1.963495408   -3.141592654   16.101950875    4.558278025   -2.332243159
    2.159844949   -3.141592654   16.806095481    0.201378320   -1.994055477
    2.356194490   -3.141592654   16.324760208   -7.446249611    0.039130925
    2.552544031   -3.141592654   14.270578330  -14.723869042    1.045552814
    2.748893572   -3.141592654   11.225152786  -17.421161673    1.083082217
    2.945243113   -3.141592654    8.003711231  -16.985501867    2.236084989

   -3.141592654   -2.945243113    6.173680684  -11.378980926    4.661866381
   -2.945243113   -2.945243113    4.433028595   -8.509178224    5.863745916
   -2.748893572   -2.945243113    3.190084387   -5.840122287    4.127022587
   -2.552544031   -2.945243113    2.732627996   -0.357093194    3.034929367
   -2.356194490   -2.945243113    3.270180515    2.829372967    5.395573298
   -2.159844949   -2.945243113    3.828666607    0.493651543    7.385996741
   -1.963495408   -2.945243113    4.032685032    0.523334833    6.468278666
   -1.767145868   -2.945243113    4.578827754    2.599900089    5.367044170
   -1.570796327   -2.945243113    5.124460666    0.633163822    6.473647387
   -1.374446786   -2.945243113    5.468006247    2.388785338    9.515200086
   -1.178097245   -2.945243113    6.869405820   10.245000199   13.277730015
   -0.981747704   -2.945243113    9.644206567   15.146875474   16.130421694
   -0.785398163   -2.945243113   12.875153103   15.611991163   16.802593347
   -0.589048623   -2.945243113   16.270836259   17.635599364   16.569382149
   -0.392699082   -2.945243113   20.240064259   19.852772271   15.072498820
   -0.196349541   -2.945243113   23.473476255    7.888489969    6.142694653
    0.000000000   -2.945243113   22.979076874  -14.330804327   -8.103864883
    0.196349541   -2.945243113   19.303250145  -21.554585997  -14.569263512
    0.392699082   -2.945243113   15.745314581  -16.383027202  -11.681718854
    0.589048623   -2.945243113   12.923825082  -14.913881748   -7.824064479
    0.785398163   -2.945243113   10.342063572  -12.431313982   -4.699627157
    0.981747704   -2.945243113    8.678562485   -6.173814633   -1.939541490
    1.178097245   -2.945243113    8.321017480    0.790522156   -0.990321142
    1.374446786   -2.945243113    9.450729658    8.663099933   -2.062383109
    1.570796327   -2.945243113   11.809056091   12.065696388   -3.986626445
    1.767145868   -2.945243113   14.063234557    8.337415866   -5.391110684
    1.963495408   -2.945243113   15.492818190    4.853411575   -5.375853892
    2.159844949   -2.945243113   16.494702755    2.950177161   -2.771068432
    2.356194490   -2.945243113   16.598123867   -5.060394993    0.905519597
    2.552544031   -2.945243113   14.700482490  -15.321220484    1.451458660
    2.748893572   -2.945243113   11.528084649  -17.399480950    0.343486238
    2.945243113   -2.945243113    8.555888379  -14.652089942    1.757578788

   -3.141592654   -2.748893572    7.443319736   -9.666703115    6.563931703
   -2.945243113   -2.748893572    5.824440400   -8.961737053    6.381291342
   -2.748893572   -2.748893572    4.371278989   -7.076078058    5.861389168
   -2.552544031   -2.748893572    3.823947633    0.327172198    5.961624817
   -2.356194490   -2.748893572    4.690539742    5.017962959    6.775433795
   -2.159844949   -2.748893572    5.562444620    1.143102406    7.652392052
   -1.963495408   -2.748893572    5.713103732   -0.323129514    7.977349988
   -1.767145868   -2.748893572    6.160555836    2.929806753    8.387467399
   -1.570796327   -2.748893572    7.038909213    3.652022418   10.558580555
   -1.374446786   -2.748893572    8.101440151    6.104536655   14.173960989
   -1.178097245   -2.748893572   10.057410390   11.807969796   15.721642599
   -0.981747704   -2.748893572   12.907748621   14.550116405   13.981702999
   -0.785398163   -2.748893572   15.997309748   15.139129056   12.303093499
   -0.589048623   -2.748893572   19.376813649   17.449575079   12.148889383
   -0.392699082   -2.748893572   22.846610374   13.727170801    8.285652596
   -0.196349541   -2.748893572   24.071261293   -5.275399753   -2.171309425
    0.000000000   -2.748893572   21.242650485  -22.911572961  -10.420323966
    0.196349541   -2.748893572   16.813499125  -21.445439970  -11.628394022
    0.392699082   -2.748893572   13.539633956  -14.500602466  -11.649419371
    0.589048623   -2.748893572   11.140291354  -12.160109535  -11.045583961
    0.785398163   -2.748893572    9.227960397   -8.727125486   -7.867685261
    0.981747704   -2.748893572    8.202779104   -3.522397627   -4.563746741
    1.178097245   -2.748893572    8.199152547    1.618109232   -1.973897810
    1.374446786   -2.748893572    9.258246229    7.153315204   -1.595340345
    1.570796327   -2.748893572   11.223842954   10.121350900   -3.257207958
    1.767145868   -2.748893572   13.251571624    8.101101610   -3.586275675
    1.963495408   -2.748893572   14.826233997    6.592970674   -2.188349369
    2.159844949   -2.748893572   16.350467354    6.261598066   -0.386133282
    2.356194490   -2.748893572   17.012383525   -3.356127111    0.754192851
    2.552544031   -2.748893572   15.149104041  -16.233471156    0.728032632
    2.748893572   -2.748893572   11.896866653  -16.623383274    1.746276036
    2.945243113   -2.748893572    9.333265977  -11.781366889    4.704827754

   -3.141592654   -2.552544031    9.026964377  -10.190522539    6.913084687
   -2.945243113   -2.552544031    7.257878904   -9.510007084    6.017774091
   -2.748893572   -2.552544031    5.797048933   -6.695710272    6.616864599
   -2.552544031   -2.552544031    5.310447989    0.393043620    6.979018645
   -2.356194490   -2.552544031    6.137987163    4.650800077    5.764240354
   -2.159844949   -2.552544031    6.957433746    1.107958209    4.266351440
   -1.963495408   -2.552544031    7.173358417    0.375694140    4.158007726
   -1.767145868   -2.552544031    7.815086442    4.279390347    5.186576353
   -1.570796327   -2.552544031    9.089120020    6.400278453    6.744742121
   -1.374446786   -2.552544031   10.723483072    8.564400495    9.071691227
   -1.178097245   -2.552544031   12.837282169   10.627599473    9.720171569
   -0.981747704   -2.552544031   15.217937704   11.677916125    7.362581313
   -0.785398163   -2.552544031   17.936084597   14.343243649    5.383977760
   -0.589048623   -2.552544031   21.130081430   15.230485409    3.329976480
   -0.392699082   -2.552544031   23.572733989    5.528910480   -2.936033666
   -0.196349541   -2.552544031   23.093215662  -12.567969008   -9.073082199
    0.000000000   -2.552544031   19.558648157  -23.021518891   -8.189057646
    0.196349541   -2.552544031   15.318063878  -20.807665131   -5.334107750
    0.392699082   -2.552544031   11.928008004  -15.718598016   -5.873542997
    0.589048623   -2.552544031    9.487950365  -10.999678388   -6.615331120
    0.785398163   -2.552544031    7.971680413   -6.300352433   -6.110710799
    0.981747704   -2.552544031    7.450933869   -0.640030791   -4.565189385
    1.178097245   -2.552544031    8.012558839    3.987506388   -1.736210499
    1.374446786   -2.552544031    9.265178521    6.799757526   -0.185372729
    1.570796327   -2.552544031   11.116208522   10.059534352    0.531107804
    1.767145868   -2.552544031   13.335210507    9.824507270    2.565017415
    1.963495408   -2.552544031   15.188267544    7.286788402    3.537548136
    2.159844949   -2.552544031   16.659791216    5.244686549    1.200285189
    2.356194490   -2.552544031   17.132126822   -3.859632591   -1.301941584
    2.552544031   -2.552544031   15.398374167  -14.287818963    0.509444639
    2.748893572   -2.552544031   12.729137459  -13.011793939    5.043879030
    2.945243113   -2.552544031   10.779692324   -9.676562927    7.527791975

   -3.141592654   -2.356194490   10.273885664  -11.476482246    3.498229792
   -2.945243113   -2.356194490    8.488296912   -8.368604000    4.455310069
   -2.748893572   -2.356194490    7.333055287   -5.294256845    6.960339448
   -2.552544031   -2.356194490    6.894414775   -0.753836250    7.105091425
   -2.356194490   -2.356194490    7.285992108    1.743513343    3.999421199
   -2.159844949   -2.356194490    7.569494238   -1.052259753    0.297098756
   -1.963495408   -2.356194490    7.545832644    0.011647202   -1.869824304
   -1.767145868   -2.356194490    8.205728486    4.693708587   -2.761046272
   -1.570796327   -2.356194490    9.672518932    8.179003558   -2.274171758
   -1.374446786   -2.356194490   11.778075278   11.068665791    0.251193988
   -1.178097245   -2.356194490   14.134635684   10.129487624    1.910357091
   -0.981747704   -2.356194490   16.165424241    9.247806930    0.590501426
   -0.785398163   -2.356194490   18.466748712   12.353298228   -1.705506487
   -0.589048623   -2.356194490   21.041917514   10.307717405   -5.652619272
   -0.392699082   -2.356194490   22.261779010   -0.778379541  -11.345518775
   -0.196349541   -2.356194490   21.129853216  -11.963465375  -12.367096225
    0.000000000   -2.356194490   18.339616264  -17.531177269   -6.829317311
    0.196349541   -2.356194490   14.933134323  -18.553431923   -1.388577278
    0.392699082   -2.356194490   11.635457628  -16.459637982    0.392065679
    0.589048623   -2.356194490    8.975978326  -12.350198526   -1.059397373
    0.785398163   -2.356194490    7.214720488   -7.110931831   -3.836774346
    0.981747704   -2.356194490    6.749616543    0.855562528   -4.703117788
    1.178097245   -2.356194490    7.736306914    6.361114501   -3.422528890
    1.374446786   -2.356194490    9.384007568    8.524083381   -1.136836956
    1.570796327   -2.356194490   11.600233486   12.195778684    1.427864665
    1.767145868   -2.356194490   14.225149801   11.444144157    2.956646599
    1.963495408   -2.356194490   16.128389626    5.887447911    2.754552065
    2.159844949   -2.356194490   17.046302452    1.699111641    0.674971069
    2.356194490   -2.356194490   17.100894476   -3.617422534   -0.212670431
    2.552544031   -2.356194490   15.957812896   -9.319968710    3.472469066
    2.748893572   -2.356194490   14.165523410  -10.109412885    6.943550166
    2.945243113   -2.356194490   12.340979597  -10.896788357    5.642582131

   -3.141592654   -2.159844949   10.781903673  -11.432872834    0.319382047
   -2.945243113   -2.159844949    9.327332755   -5.431507108    2.199208986
   -2.748893572   -2.159844949    8.749092031   -3.052879936    4.991775683
   -2.552544031   -2.159844949    8.392242941   -2.380267569    5.902475101
   -2.356194490   -2.159844949    8.173002811   -2.201214819    3.521651247
   -2.159844949   -2.159844949    7.763757673   -3.768240227    0.916957046
   -1.963495408   -2.159844949    7.362545347   -1.410014349   -0.111134305
   -1.767145868   -2.159844949    7.785216660    3.803474920   -1.257287220
   -1.570796327   -2.159844949    9.245872134    9.219307112   -1.957557616
   -1.374446786   -2.159844949   11.694347751   12.954967912   -1.608996347
   -1.178097245   -2.159844949   14.219656738    9.693469036   -2.111793511
   -0.981747704   -2.159844949   15.969529763    7.188677464   -3.851950733
   -0.785398163   -2.159844949   17.791606580    9.362083628   -6.432064399
   -0.589048623   -2.159844949   19.583661615    5.411987557  -10.203667644
   -0.392699082   -2.159844949   19.916285098   -3.914152472  -13.355161857
   -0.196349541   -2.159844949   18.738360076   -9.140031496  -13.328733265
    0.000000000   -2.159844949   16.906131684  -11.423737418  -10.001612781
    0.196349541   -2.159844949   14.639933526  -13.601582065   -4.513799836
    0.392699082   -2.159844949   11.962097656  -15.489290359   -0.335104523
    0.589048623   -2.159844949    9.049896319  -15.401656628   -1.163066140
    0.785398163   -2.159844949    6.670420360   -9.591747832   -4.053003638
    0.981747704   -2.159844949    5.951504759    0.574562615   -5.381055008
    1.178097245   -2.159844949    7.040812315    7.762854670   -5.365131128
    1.374446786   -2.159844949    9.131784816   11.354058883   -3.230061204
    1.570796327   -2.159844949   11.802996288   13.526760635   -1.464157502
    1.767145868   -2.159844949   14.498393734   11.259562203   -2.155150010
    1.963495408   -2.159844949   16.391786534    6.011124021   -1.800049291
    2.159844949   -2.159844949   17.316074119    1.668034400    0.269805103
    2.356194490   -2.159844949   17.502880878   -1.808539495    2.031156505
    2.552544031   -2.159844949   16.918099855   -6.206483634    3.428496762
    2.748893572   -2.159844949   15.424491523  -10.732515795    3.145218653
    2.945243113   -2.159844949   13.168742256  -13.721664602    0.980012676

   -3.141592654   -1.963495408   11.041501352  -10.479830229    0.919387760
   -2.945243113   -1.963495408    9.771731583   -4.447091860    0.693820378
   -2.748893572   -1.963495408    9.470930641   -1.213231690    0.360460305
   -2.552544031   -1.963495408    9.414752141   -1.648310055    2.284667983
   -2.356194490   -1.963495408    9.120294986   -3.312683447    4.096234788
   -2.159844949   -1.963495408    8.565400210   -3.837262181    5.272034500
   -1.963495408   -1.963495408    8.189040527   -1.610892168    6.190241057
   -1.767145868   -1.963495408    8.421965312    2.285221866    5.159263227
   -1.570796327   -1.963495408    9.588911530    7.902747452    2.977789314
   -1.374446786   -1.963495408   11.771441017   11.363562617    0.332285686
   -1.178097245   -1.963495408   13.927104372    7.748332561   -2.467867138
   -0.981747704   -1.963495408   15.301331555    5.158237265   -4.370628109
   -0.785398163   -1.963495408   16.584136296    5.881509764   -7.300198780
   -0.589048623   -1.963495408   17.663339743    2.228754301  -10.989755080
   -0.392699082   -1.963495408   17.621161469   -4.517901280  -11.955411647
   -0.196349541   -1.963495408   16.471619895   -8.450325656  -11.434010601
    0.000000000   -1.963495408   14.918605647   -8.864170214  -11.310917974
    0.196349541   -1.963495408   13.423079767   -8.764964728   -9.152687232
    0.392699082   -1.963495408   11.522938658  -13.330085360   -6.150250487
    0.589048623   -1.963495408    8.589663345  -17.179695329   -5.789824724
    0.785398163   -1.963495408    5.859694764  -10.855440223   -6.417419651
    0.981747704   -1.963495408    5.002009105    0.194850847   -6.350073257
    1.178097245   -1.963495408    6.130277010    8.863321170   -5.780150069
    1.374446786   -1.963495408    8.596979009   13.521583475   -4.240283161
    1.570796327   -1.963495408   11.470861304   13.098800447   -3.867271913
    1.767145868   -1.963495408   13.979905512   10.664498662   -4.495055818
    1.963495408   -1.963495408   16.064771110    8.541838954   -2.813328468
    2.159844949   -1.963495408   17.588295495    4.537880452    0.656951677
    2.356194490   -1.963495408   18.130147758   -1.166147856    2.282765428
    2.552544031   -1.963495408   17.500002830   -7.109179680    0.828631702
    2.748893572   -1.963495408   15.762775371  -12.123876265   -0.960198392
    2.945243113   -1.963495408   13.326722498  -13.904446628   -0.598289986

   -3.141592654   -1.767145868   11.434456646   -9.493572446    0.355755390
   -2.945243113   -1.767145868   10.027287056   -6.509967734   -0.118297937
   -2.748893572   -1.767145868    9.404565684   -1.545610577   -2.363029736
   -2.552544031   -1.767145868    9.645780360    1.318738412   -1.675681705
   -2.356194490   -1.767145868    9.972291677   -0.367148556    1.933214228
   -2.159844949   -1.767145868    9.901097633   -1.938418975    5.173617092
   -1.963495408   -1.767145868    9.690624187   -2.045619961    5.835058550
   -1.767145868   -1.767145868    9.605782592   -0.103943412    3.674613709
   -1.570796327   -1.767145868   10.274641911    5.321538170    0.897598391
   -1.374446786   -1.767145868   11.915437459    8.448758506   -1.676807706
   -1.178097245   -1.767145868   13.558959941    5.821441068   -3.829480140
   -0.981747704   -1.767145868   14.628408267    3.468078944   -4.924225284
   -0.785398163   -1.767145868   15.352536208    1.953558107   -7.277091516
   -0.589048623   -1.767145868   15.677882738   -0.615302425  -10.930140399
   -0.392699082   -1.767145868   15.439121391   -3.912628834  -12.411219566
   -0.196349541   -1.767145868   14.468489423   -7.741012680  -11.468109708
    0.000000000   -1.767145868   12.998277436   -8.343758154  -10.162302196
    0.196349541   -1.767145868   11.718023584   -7.227309516   -9.400426878
    0.392699082   -1.767145868   10.078828706  -12.510587242   -9.537537190
    0.589048623   -1.767145868    7.213317612  -16.987476965   -9.208477106
    0.785398163   -1.767145868    4.596713566   -9.895289108   -7.421496373
    0.981747704   -1.767145868    3.931541068    0.975934472   -5.717339627
    1.178097245   -1.767145868    5.189362048    9.486732585   -5.476127026
    1.374446786   -1.767145868    7.738887481   13.578187076   -6.594681230
    1.570796327   -1.767145868   10.555602093   12.714591417   -7.542152887
    1.767145868   -1.767145868   13.147195543   12.125335194   -5.990526847
    1.963495408   -1.767145868   15.726995962   11.875716010   -2.722039566
    2.159844949   -1.767145868   17.927851197    7.625358111    0.573097306
    2.356194490   -1.767145868   18.800218209   -1.259414672    2.400485444
    2.552544031   -1.767145868   17.839745633   -9.779214965    0.848952125
    2.748893572   -1.767145868   15.675765416  -13.176373642   -1.713448807
    2.945243113   -1.767145868   13.352334731  -11.956026411   -1.551778055

   -3.141592654   -1.570796327   11.276589598   -7.902051750   -3.865077256
   -2.945243113   -1.570796327    9.983287585   -7.271267133   -2.361935299
   -2.748893572   -1.570796327    9.042493359   -3.350606702   -3.152790702
   -2.552544031   -1.570796327    9.174613183    2.403262506   -4.905656306
   -2.356194490   -1.570796327    9.993121478    3.102323959   -3.885789429
   -2.159844949   -1.570796327   10.564658729    0.591768815   -0.884121865
   -1.963495408   -1.570796327   10.544101412   -2.731671123    0.560781356
   -1.767145868   -1.570796327   10.070707037   -2.885085397   -0.873767778
   -1.570796327   -1.570796327   10.197040399    2.780515270   -3.536302828
   -1.374446786   -1.570796327   11.383438668    6.348180022   -5.787257669
   -1.178097245   -1.570796327   12.691735866    4.698446042   -7.250802567
   -0.981747704   -1.570796327   13.600294445    2.648327910   -7.972884003
   -0.785398163   -1.570796327   14.040132970   -0.217570916   -8.562386592
   -0.589048623   -1.570796327   13.857861465   -3.232542082   -9.691126359
   -0.392699082   -1.570796327   13.236708584   -4.874313791  -11.509867228
   -0.196349541   -1.570796327   12.340913243   -6.036298935  -11.524144537
    0.000000000   -1.570796327   11.347777744   -5.760418935   -8.189682113
    0.196349541   -1.570796327   10.359784375   -7.133740852   -5.920331243
    0.392699082   -1.570796327    8.588502609  -13.145574262   -6.714572753
    0.589048623   -1.570796327    5.860572586  -14.788622147   -5.467604881
    0.785398163   -1.570796327    3.811368764   -7.031361219   -1.768630855
    0.981747704   -1.570796327    3.480838569    1.225190841   -0.535790657
    1.178097245   -1.570796327    4.521567932    7.185666368   -3.077149581
    1.374446786   -1.570796327    6.514924236   10.770096126   -7.117147132
    1.570796327   -1.570796327    9.044796667   13.059015559   -8.805855324
    1.767145868   -1.570796327   12.047518107   15.345882030   -6.632987198
    1.963495408   -1.570796327   15.247314085   14.660315197   -4.178057810
    2.159844949   -1.570796327   17.938649904    9.911640962   -2.878842981
    2.356194490   -1.570796327   19.128703581   -0.744128606   -1.796847200
    2.552544031   -1.570796327   17.972076330  -12.020647970   -2.134373460
    2.748893572   -1.570796327   15.343744442  -15.035414320   -3.735963798
    2.945243113   -1.570796327   12.907562456  -11.159054458   -4.714503786

   -3.141592654   -1.374446786   10.552807649   -6.696495272   -4.462939757
   -2.945243113   -1.374446786    9.576381573   -5.982618010   -3.164563432
   -2.748893572   -1.374446786    8.580132508   -5.309430040   -3.251316328
   -2.552544031   -1.374446786    8.228488818    0.344111972   -6.047672396
   -2.356194490   -1.374446786    8.958063627    4.300063871   -7.661718666
   -2.159844949   -1.374446786    9.915652753    2.742462188   -7.049850701
   -1.963495408   -1.374446786   10.166762601   -2.302630499   -6.264783113
   -1.767145868   -1.374446786    9.572333800   -4.445420635   -6.245966461
   -1.570796327   -1.374446786    9.283762048    0.327960200   -7.707881616
   -1.374446786   -1.374446786   10.005237899    4.259199737  -10.303665086
   -1.178097245   -1.374446786   10.996599833    3.555357246  -12.259080866
   -0.981747704   -1.374446786   11.728825710    1.977130710  -13.312445851
   -0.785398163   -1.374446786   12.127452943    0.052815158  -13.286514027
   -0.589048623   -1.374446786   12.028348696   -3.003212518  -11.485359811
   -0.392699082   -1.374446786   11.347359309   -5.395943122   -9.787427275
   -0.196349541   -1.374446786   10.579957970   -3.672501092   -7.848668214
    0.000000000   -1.374446786   10.322099320   -1.581686199   -3.870944692
    0.196349541   -1.374446786    9.817352063   -6.806472311   -1.659269265
    0.392699082   -1.374446786    7.900968614  -13.667869256   -2.505949317
    0.589048623   -1.374446786    5.441561571  -11.619780121   -1.475769927
    0.785398163   -1.374446786    4.019073272   -4.882770305    0.509266397
    0.981747704   -1.374446786    3.688417955   -0.831172063   -0.824767362
    1.178097245   -1.374446786    4.115289154    3.467734236   -3.878102033
    1.374446786   -1.374446786    5.448241785    8.209454703   -5.703759241
    1.570796327   -1.374446786    7.783596891   13.728456791   -5.584683816
    1.767145868   -1.374446786   11.096500202   17.110272264   -4.689340143
    1.963495408   -1.374446786   14.485831203   14.777294887   -5.210287061
    2.159844949   -1.374446786   17.149234944    9.890647697   -6.483689420
    2.356194490   -1.374446786   18.401570334   -0.230252878   -6.723093702
    2.552544031   -1.374446786   17.315530102  -11.866910290   -5.757205953
    2.748893572   -1.374446786   14.668158196  -15.386588826   -4.435649723
    2.945243113   -1.374446786   12.130971525  -11.586429021   -4.283897195

   -3.141592654   -1.178097245    9.981266912   -6.655222033   -3.795566962
   -2.945243113   -1.178097245    9.126803347   -5.155722390   -3.859299117
   -2.748893572   -1.178097245    8.122195029   -6.532195694   -3.782426112
   -2.552544031   -1.178097245    7.373212702   -1.958128123   -4.585933484
   -2.356194490   -1.178097245    7.767489594    3.292994882   -5.903460924
   -2.159844949   -1.178097245    8.593792962    2.234164789   -7.405549410
   -1.963495408   -1.178097245    8.764670187   -2.505270642   -8.738845224
   -1.767145868   -1.178097245    8.155856664   -4.726886919   -9.160687410
   -1.570796327   -1.178097245    7.628972866   -2.024512480  -10.469875013
   -1.374446786   -1.178097245    7.747539766    1.036706843  -13.985975426
   -1.178097245   -1.178097245    8.263956840    2.089799751  -16.706559142
   -0.981747704   -1.178097245    8.836559500    1.640463892  -17.024665586
   -0.785398163   -1.178097245    9.318793581    1.455848082  -16.014422214
   -0.589048623   -1.178097245    9.719878322    0.409419750  -13.115816015
   -0.392699082   -1.178097245    9.725103906   -2.006876308   -8.510881847
   -0.196349541   -1.178097245    9.660309120    0.243331613   -3.750934864
    0.000000000   -1.178097245   10.158628643    1.584959018   -0.363904729
    0.196349541   -1.178097245    9.923459563   -7.200504657    0.096045691
    0.392699082   -1.178097245    7.796081133  -14.527480235   -0.874014932
    0.589048623   -1.178097245    5.360035598  -10.850790082   -1.332119488
    0.785398163   -1.178097245    3.939258645   -6.159127435   -3.019392112
    0.981747704   -1.178097245    3.131643672   -3.802572415   -6.235942386
    1.178097245   -1.178097245    3.139709982    2.561221011   -7.533470855
    1.374446786   -1.178097245    4.549945138    9.610553599   -5.361220766
    1.570796327   -1.178097245    7.207109418   15.183668174   -2.368433967
    1.767145868   -1.178097245   10.618126202   16.486837039   -1.939051131
    1.963495408   -1.178097245   13.732689264   13.016078533   -3.672732351
    2.159844949   -1.178097245   16.112874882    9.005506112   -4.853231283
    2.356194490   -1.178097245   17.318042604    0.182288741   -5.024917042
    2.552544031   -1.178097245   16.434429334  -10.289702569   -4.418339741
    2.748893572   -1.178097245   14.098270577  -14.155692023   -3.393826337
    2.945243113   -1.178097245   11.636239806  -11.979639360   -3.235690418

   -3.141592654   -0.981747704    9.284138807   -7.410059488   -5.243598298
   -2.945243113   -0.981747704    8.314422508   -5.327215157   -6.185421317
   -2.748893572   -0.981747704    7.397734833   -5.583820512   -5.314149504
   -2.552544031   -0.981747704    6.802354455   -1.726485758   -3.098870378
   -2.356194490   -0.981747704    7.087809997    2.066512213   -2.980398883
   -2.159844949   -0.981747704    7.619145665    0.651800881   -4.270177157
   -1.963495408   -0.981747704    7.519170738   -3.624648115   -5.402295107
   -1.767145868   -0.981747704    6.735259384   -5.647146751   -6.659427735
   -1.570796327   -0.981747704    5.897378633   -4.512908568   -8.223888736
   -1.374446786   -0.981747704    5.387855553   -2.380996481  -10.470554017
   -1.178097245   -0.981747704    5.410506166    0.833590246  -12.604946087
   -0.981747704   -0.981747704    5.972059955    2.452599879  -12.953857610
   -0.785398163   -0.981747704    6.702801689    3.137955670  -11.969607444
   -0.589048623   -0.981747704    7.587563335    3.840067432  -10.194362248
   -0.392699082   -0.981747704    8.458360936    3.125480109   -6.285175573
   -0.196349541   -0.981747704    9.356294317    4.319848443   -1.550877368
    0.000000000   -0.981747704   10.327423292    2.243629506   -0.177344517
    0.196349541   -0.981747704   10.030200408   -7.805673739   -1.095736383
    0.392699082   -0.981747704    7.895572773  -14.020921469    0.082913792
    0.589048623   -0.981747704    5.495419108  -11.541454490    1.447787684
    0.785398163   -0.981747704    3.682770801   -9.234745000   -0.115059193
    0.981747704   -0.981747704    2.272734268   -6.237483783   -2.575945957
    1.178097245   -0.981747704    2.098110882    3.352382384   -3.350827506
    1.374446786   -0.981747704    3.969610040   13.079111585   -1.668425761
    1.570796327   -0.981747704    7.262782811   17.500009542    1.053887951
    1.767145868   -0.981747704   10.794685539   15.573097546    1.820424591
    1.963495408   -0.981747704   13.643590435   11.776727484    1.067308094
    2.159844949   -0.981747704   15.875645334    8.657723453    0.590395856
    2.356194490   -0.981747704   17.006501202   -0.256661443   -0.259913584
    2.552544031   -0.981747704   16.047402137  -10.588457649   -1.718671178
    2.748893572   -0.981747704   13.645038117  -14.591589729   -3.366468403
    2.945243113   -0.981747704   11.074696114  -12.643357409   -4.535763523

   -3.141592654   -0.785398163    8.577705044   -7.913813290   -2.980553221
   -2.945243113   -0.785398163    7.467246199   -5.641216136   -3.166645622
   -2.748893572   -0.785398163    6.781888936   -2.904152179   -1.801485488
   -2.552544031   -0.785398163    6.729623828    0.144531513    0.953144874
   -2.356194490   -0.785398163    7.061666081    0.983689165    1.006238904
   -2.159844949   -0.785398163    7.341161929   -0.499119978   -0.503198274
   -1.963495408   -0.785398163    7.026263006   -4.880148530   -1.897056745
   -1.767145868   -0.785398163    5.976163193   -6.856397966   -3.274510153
   -1.570796327   -0.785398163    4.999631789   -4.810336809   -2.915795531
   -1.374446786   -0.785398163    4.376720193   -3.607560035   -1.957645221
   -1.178097245   -0.785398163    4.023051462   -1.444294697   -3.802904157
   -0.981747704   -0.785398163    4.248186323    1.554886774   -6.962639320
   -0.785398163   -0.785398163    4.958531028    3.682566669   -8.159061961
   -0.589048623   -0.785398163    6.079890823    5.932353181   -7.223828963
   -0.392699082   -0.785398163    7.614290645    7.601899738   -4.282133762
   -0.196349541   -0.785398163    9.317102052    7.092173048   -1.083402164
    0.000000000   -0.785398163   10.394320329    0.924836654   -1.166229576
    0.196349541   -0.785398163    9.884042045   -7.605321852   -2.082656605
    0.392699082   -0.785398163    8.154899834  -10.802262142    0.427916204
    0.589048623   -0.785398163    6.237286500  -10.513036151    3.384640761
    0.785398163   -0.785398163    4.369595420  -10.323136284    4.303761702
    0.981747704   -0.785398163    2.780784490   -6.771966306    5.113283410
    1.178097245   -0.785398163    2.538991010    3.188544012    5.437628778
    1.374446786   -0.785398163    4.454936447   13.811197133    4.355255655
    1.570796327   -0.785398163    7.942042560   18.463694830    3.542921039
    1.767145868   -0.785398163   11.559352835   15.476134869    3.465207508
    1.963495408   -0.785398163   14.350751908   11.378179473    3.358991929
    2.159844949   -0.785398163   16.466795170    7.784844845    2.502209604
    2.356194490   -0.785398163   17.331773454   -1.985635706    0.900510588
    2.552544031   -0.785398163   15.995625351  -12.680665886   -0.941997728
    2.748893572   -0.785398163   13.185890584  -16.422497994   -2.898670603
    2.945243113   -0.785398163   10.404666806  -12.971436339   -3.544157986

   -3.141592654   -0.589048623    8.662140544   -7.160935332    1.708118131
   -2.945243113   -0.589048623    7.599852645   -5.460263025    1.905869442
   -2.748893572   -0.589048623    7.122904074   -0.905262873    2.292697704
   -2.552544031   -0.589048623    7.440206722    1.175341557    3.022864207
   -2.356194490   -0.589048623    7.713446738   -0.393700709    2.478086510
   -2.159844949   -0.589048623    7.661928588   -2.297197423    1.059476094
   -1.963495408   -0.589048623    6.979556032   -6.741358182   -0.811479054
   -1.767145868   -0.589048623    5.676804344   -7.124784297   -1.871456798
   -1.570796327   -0.589048623    4.900072264   -2.856404033   -0.807696890
   -1.374446786   -0.589048623    4.585875136   -3.187934107    0.683307016
   -1.178097245   -0.589048623    3.965580972   -4.396532067    0.228527832
   -0.981747704   -0.589048623    3.559648802   -1.219284048   -1.971230692
   -0.785398163   -0.589048623    3.974925652    3.570627276   -3.304098334
   -0.589048623   -0.589048623    5.295214105    7.824245429   -2.320233508
   -0.392699082   -0.589048623    7.278224192    9.935272841   -0.923125110
   -0.196349541   -0.589048623    9.275289274    7.456970523   -1.374078236
    0.000000000   -0.589048623   10.229145278   -0.221691944   -2.571158035
    0.196349541   -0.589048623    9.650303611   -6.730547999   -2.311944286
    0.392699082   -0.589048623    8.315026389   -8.258170712   -1.112106999
    0.589048623   -0.589048623    6.807952518   -9.066844104   -0.313699387
    0.785398163   -0.589048623    5.203023407   -8.740249535    0.988354319
    0.981747704   -0.589048623    4.006872830   -4.654462656    3.557411498
    1.178097245   -0.589048623    3.983882436    2.994196798    5.200836555
    1.374446786   -0.589048623    5.666193971   12.153292704    4.563208894
    1.570796327   -0.589048623    8.899424214   17.743406711    3.810460702
    1.767145868   -0.589048623   12.445760072   15.197423967    3.594859799
    1.963495408   -0.589048623   15.106009503   10.154352637    2.230474102
    2.159844949   -0.589048623   16.900583063    5.980101197   -0.325043617
    2.356194490   -0.589048623   17.463152609   -3.107676180   -1.838454752
    2.552544031   -0.589048623   15.960384247  -13.463815898   -1.514842406
    2.748893572   -0.589048623   12.999875523  -16.982840387   -0.700115199
    2.945243113   -0.589048623   10.264448288  -11.926113479    0.453455143

   -3.141592654   -0.392699082    9.481229024   -7.973439443    4.197612876
   -2.945243113   -0.392699082    8.178081147   -6.791636944    1.104496360
   -2.748893572   -0.392699082    7.510498943   -1.504483015   -1.253822678
   -2.552544031   -0.392699082    7.721636185    0.564368988   -2.831936031
   -2.356194490   -0.392699082    7.885745421   -0.797648087   -3.349882915
   -2.159844949   -0.392699082    7.756362433   -2.847975038   -2.700656542
   -1.963495408   -0.392699082    6.914941640   -7.606726932   -2.199722793
   -1.767145868   -0.392699082    5.503581621   -7.217534072   -2.112870294
   -1.570796327   -0.392699082    4.775857474   -2.429604103   -2.676712781
   -1.374446786   -0.392699082    4.587226654   -2.341560016   -2.911768426
   -1.178097245   -0.392699082    4.138105864   -3.836613096   -0.981930698
   -0.981747704   -0.392699082    3.710929361   -1.969645259    0.770722789
   -0.785398163   -0.392699082    3.974209604    3.272710544    0.555822874
   -0.589048623   -0.392699082    5.413896181    9.036642023    0.779655557
   -0.392699082   -0.392699082    7.525249806    9.493468075    1.096432515
   -0.196349541   -0.392699082    9.191317534    5.092089166   -0.937674151
    0.000000000   -0.392699082    9.825191223   -0.720720240   -2.762702907
    0.196349541   -0.392699082    9.310941467   -6.105961520   -2.852149422
    0.392699082   -0.392699082    7.998731125   -8.691866068   -3.905939519
    0.589048623   -0.392699082    6.417416559   -9.033082162   -5.101270461
    0.785398163   -0.392699082    4.987213809   -7.034974899   -4.532707311
    0.981747704   -0.392699082    4.195182306   -2.526462647   -3.224613683
    1.178097245   -0.392699082    4.476168889    3.856550796   -1.993264982
    1.374446786   -0.392699082    6.267460977   12.730490658   -0.439707733
    1.570796327   -0.392699082    9.663767244   18.711398119    1.668676861
    1.767145868   -0.392699082   13.295407207   14.720366017    2.669283124
    1.963495408   -0.392699082   15.619251801    7.330893383    1.105340419
    2.159844949   -0.392699082   16.797252916    3.055577216   -2.068168668
    2.356194490   -0.392699082   17.026345391   -3.254799719   -4.000457096
    2.552544031   -0.392699082   15.801492043  -10.824659138   -1.767753181
    2.748893572   -0.392699082   13.413697306  -14.269342379    3.161035137
    2.945243113   -0.392699082   11.064886785  -10.827048529    5.744373191

   -3.141592654   -0.196349541   10.391060960  -12.795621515    2.262130126
   -2.945243113   -0.196349541    8.213525051  -10.416109274   -2.717727565
   -2.748893572   -0.196349541    7.022126963   -3.436096476   -4.810931756
   -2.552544031   -0.196349541    6.921231088   -0.674800011   -5.811310614
   -2.356194490   -0.196349541    6.967385864   -0.628003704   -6.588008314
   -2.159844949   -0.196349541    6.981124484   -1.754177738   -6.472370770
   -1.963495408   -0.196349541    6.362540505   -6.517956687   -5.380160162
   -1.767145868   -0.196349541    5.086064741   -7.112896650   -4.257955712
   -1.570796327   -0.196349541    4.244425339   -3.517348131   -4.375047554
   -1.374446786   -0.196349541    3.951670346   -1.805000765   -4.841120537
   -1.178097245   -0.196349541    3.863847541   -1.158031266   -3.619544678
   -0.981747704   -0.196349541    3.879302861   -0.621773719   -1.436317061
   -0.785398163   -0.196349541    4.223038560    3.189795926   -0.194468682
   -0.589048623   -0.196349541    5.739488176   10.010079534    0.750756817
   -0.392699082   -0.196349541    8.032053340    9.857629917    2.414734762
   -0.196349541   -0.196349541    9.557837418    3.572969234    3.171671702
    0.000000000   -0.196349541    9.904692265   -1.908753589    2.071757041
    0.196349541   -0.196349541    9.142214175   -7.768797442   -0.464126214
    0.392699082   -0.196349541    7.411705886  -10.813845266   -3.345290077
    0.589048623   -0.196349541    5.607096645   -9.011220918   -3.966988698
    0.785398163   -0.196349541    4.311699737   -6.099133861   -2.858340358
    0.981747704   -0.196349541    3.664327476   -1.884132498   -2.283911551
    1.178097245   -0.196349541    4.109556175    4.979958819   -1.654627524
    1.374446786   -0.196349541    6.187745748   14.413130102   -0.867305770
    1.570796327   -0.196349541    9.884399876   19.905502106   -0.940552785
    1.767145868   -0.196349541   13.643404026   14.807644419   -1.257236475
    1.963495408   -0.196349541   15.868962126    6.238284369   -0.594865170
    2.159844949   -0.196349541   16.710511363    0.853794510   -0.305479303
    2.356194490   -0.196349541   16.633467969   -3.368203624   -0.904750573
    2.552544031   -0.196349541   15.892604403   -5.904987879    1.628962993
    2.748893572   -0.196349541   14.598501784   -9.410456430    6.719265035
    2.945243113   -0.196349541   12.650051470  -11.932123086    7.360514195

   -3.141592654    0.000000000   10.528934087  -18.351096475   -2.882122816
   -2.945243113    0.000000000    7.604553385  -12.272140512   -4.973880400
   -2.748893572    0.000000000    6.310903929   -3.222002552   -4.028071141
   -2.552544031    0.000000000    6.198853115   -1.230613048   -3.364798946
   -2.356194490    0.000000000    6.035779479   -1.955465046   -4.578088726
   -2.159844949    0.000000000    5.851012837   -2.171874564   -6.351004431
   -1.963495408    0.000000000    5.316953435   -5.375403318   -6.425190366
   -1.767145868    0.000000000    4.291570801   -6.022775389   -5.184344876
   -1.570796327    0.000000000    3.579600808   -3.301283813   -4.099942560
   -1.374446786    0.000000000    3.287917090   -1.806252709   -3.722660977
   -1.178097245    0.000000000    3.304647261    0.112167195   -3.532240806
   -0.981747704    0.000000000    3.702256110    1.771181731   -1.560313371
   -0.785398163    0.000000000    4.478403502    4.990804109    1.408102465
   -0.589048623    0.000000000    6.297289408   11.518239156    3.219651068
   -0.392699082    0.000000000    8.932701042   11.691857320    4.530005816
   -0.196349541    0.000000000   10.690569366    3.767665721    5.382601223
    0.000000000    0.000000000   10.807737512   -4.367351946    3.996937879
    0.196349541    0.000000000    9.431462326  -11.066824389    1.007586055
    0.392699082    0.000000000    7.221309987  -11.874828485   -0.406729247
    0.589048623    0.000000000    5.509567600   -7.351004217    1.042252359
    0.785398163    0.000000000    4.557679713   -4.648045643    3.204900333
    0.981747704    0.000000000    4.117585646   -1.021031180    4.833354629
    1.178097245    0.000000000    4.715738134    5.462161151    5.872370198
    1.374446786    0.000000000    6.709608924   12.836065851    4.396356230
    1.570796327    0.000000000    9.931947660   17.148947255    0.169687475
    1.767145868    0.000000000   13.340693838   14.539484892   -2.680591703
    1.963495408    0.000000000   15.825330214    8.722276165   -1.050776672
    2.159844949    0.000000000   17.122250539    2.504847646    2.734481344
    2.356194490    0.000000000   17.293715230   -1.940823186    5.741595112
    2.552544031    0.000000000   17.021069574   -2.721676087    7.670017085
    2.748893572    0.000000000   16.221767952   -8.522835750    6.961326349
    2.945243113    0.000000000   13.895194489  -16.521249839    2.499541756

   -3.141592654    0.196349541    9.902860942  -20.152255846   -4.168122032
   -2.945243113    0.196349541    6.925437359  -11.378479521   -3.130567366
   -2.748893572    0.196349541    5.847519494   -2.348136437   -2.802079192
   -2.552544031    0.196349541    5.781376216   -1.668837403   -3.622542697
   -2.356194490    0.196349541    5.399963266   -3.548981084   -4.540325046
   -2.159844949    0.196349541    4.948004972   -2.916947662   -5.032015807
   -1.963495408    0.196349541    4.451321765   -4.459299751   -4.364248020
   -1.767145868    0.196349541    3.628399272   -5.160672786   -3.607878887
   -1.570796327    0.196349541    3.051389365   -2.733945847   -3.475483333
   -1.374446786    0.196349541    2.833661295   -1.593735873   -3.081594243
   -1.178097245    0.196349541    2.968196306    1.498849691   -1.787594601
   -0.981747704    0.196349541    3.833369884    4.889556919    0.966026568
   -0.785398163    0.196349541    5.167017232    7.086353906    3.191791679
   -0.589048623    0.196349541    7.197907944   11.807225117    3.160084500
   -0.392699082    0.196349541    9.853060890   11.702455801    1.967793303
   -0.196349541    0.196349541   11.556589819    3.056677363    0.692438878
    0.000000000    0.196349541   11.421444496   -6.038462613   -0.034104826
    0.196349541    0.196349541    9.775026058  -11.808406789    0.706656174
    0.392699082    0.196349541    7.602800123  -10.743741994    2.413339471
    0.589048623    0.196349541    6.210112946   -5.511412484    3.664385502
    0.785398163    0.196349541    5.601442883   -2.942317601    4.474553737
    0.981747704    0.196349541    5.516850839    0.827439069    6.024305890
    1.178097245    0.196349541    6.353406115    5.561624561    7.293356019
    1.374446786    0.196349541    8.022789542    9.487567375    6.042012217
    1.570796327    0.196349541   10.454872229   13.232799978    3.190249807
    1.767145868    0.196349541   13.406837520   14.277008591    2.003257667
    1.963495408    0.196349541   16.229788961   12.022921289    3.797620813
    2.159844949    0.196349541   18.269731820    6.296490196    7.011375705
    2.356194490    0.196349541   19.068735566    0.297255963    9.510891025
    2.552544031    0.196349541   18.868412130   -4.550703741    7.967052961
    2.748893572    0.196349541   17.323123493  -13.754891745    1.924339832
    2.945243113    0.196349541   13.944942647  -21.391912722   -3.101835575

   -3.141592654    0.392699082    9.739398215  -18.503899042    1.078993061
   -2.945243113    0.392699082    6.962208537  -11.427423057    1.541623641
   -2.748893572    0.392699082    5.609978115   -4.808118176   -1.367317889
   -2.552544031    0.392699082    5.085169976   -3.337166509   -4.922259763
   -2.356194490    0.392699082    4.554352026   -3.570293376   -5.627657373
   -2.159844949    0.392699082    4.183830170   -2.150914483   -4.655723970
   -1.963495408    0.392699082    3.858136268   -3.696581963   -3.885646067
   -1.767145868    0.392699082    3.103209863   -5.285163587   -3.913361722
   -1.570796327    0.392699082    2.494876807   -2.568268139   -4.061846845
   -1.374446786    0.392699082    2.439344423   -0.074147886   -2.648667991
   -1.178097245    0.392699082    3.011957267    4.362279440    0.289481411
   -0.981747704    0.392699082    4.449204599    7.416743996    3.097125805
   -0.785398163    0.392699082    6.043221697    7.031859726    3.682914801
   -0.589048623    0.392699082    7.813611347    9.536981489    1.361008143
   -0.392699082    0.392699082    9.986730805    9.369576293   -2.100204138
   -0.196349541    0.392699082   11.360873602    2.299525674   -3.805566702
    0.000000000    0.392699082   11.331787313   -4.135227144   -1.946572311
    0.196349541    0.392699082   10.237389981   -8.607600747    2.392475474
    0.392699082    0.392699082    8.555460060   -9.335960981    5.268213252
    0.589048623    0.392699082    7.209729624   -6.175982710    4.662177603
    0.785398163    0.392699082    6.471653434   -3.164208972    2.786692605
    0.981747704    0.392699082    6.502257172    2.088231550    2.382895220
    1.178097245    0.392699082    7.585345941    6.460358216    3.626176672
    1.374446786    0.392699082    9.290547803    9.023322754    5.348249056
    1.570796327    0.392699082   11.585343491   12.608768490    6.540644307
    1.767145868    0.392699082   14.530828258   15.015309992    6.989313537
    1.963495408    0.392699082   17.635068253   13.957209972    7.564788017
    2.159844949    0.392699082   20.055231525    7.984691110    8.094758418
    2.356194490    0.392699082   20.999919547   -0.461400839    7.155832134
    2.552544031    0.392699082   20.188668623   -9.884202078    3.219892779
    2.748893572    0.392699082   17.508659626  -18.769181667   -1.072843262
    2.945243113    0.392699082   13.591549212  -21.841858935   -1.194560091

   -3.141592654    0.589048623   10.554612504  -17.774511679    4.212395184
   -2.945243113    0.589048623    7.641070382  -13.486449149    2.399036534
   -2.748893572    0.589048623    5.652344155   -8.863667444   -0.504364242
   -2.552544031    0.589048623    4.443716932   -5.563471379   -3.171417523
   -2.356194490    0.589048623    3.795677379   -2.905019501   -3.485973067
   -2.159844949    0.589048623    3.615326774   -1.266711493   -2.582494232
   -1.963495408    0.589048623    3.372027613   -3.737555491   -2.361510148
   -1.767145868    0.589048623    2.561619314   -5.673993832   -2.822697138
   -1.570796327    0.589048623    1.944861801   -1.913023000   -2.996926505
   -1.374446786    0.589048623    2.199722685    2.294793524   -1.717311961
   -1.178097245    0.589048623    3.280749027    6.872100256   -0.018581029
   -0.981747704    0.589048623    5.115008587    8.830007531    0.956039890
   -0.785398163    0.589048623    6.793367686    6.297407790    1.468048070
   -0.589048623    0.589048623    8.145696822    6.236438657    0.178444667
   -0.392699082    0.589048623    9.647931364    6.524291835   -2.519889965
   -0.196349541    0.589048623   10.792480282    3.032517042   -3.041014189
    0.000000000    0.589048623   11.249546605   -0.270203752   -0.600601596
    0.196349541    0.589048623   10.977322783   -4.730792397    2.549753799
    0.392699082    0.589048623    9.810343266   -8.271334949    4.641716293
    0.589048623    0.589048623    8.396186783   -7.638199628    5.076748730
    0.785398163    0.589048623    7.331417958   -4.641187414    4.475262998
    0.981747704    0.589048623    7.223686966    2.279082303    4.145400155
    1.178097245    0.589048623    8.528018413    8.431526837    5.184642393
    1.374446786    0.589048623   10.702859908   11.482988288    7.494012765
    1.570796327    0.589048623   13.327343454   13.233282994    8.804636439
    1.767145868    0.589048623   16.202382729   14.030282010    7.303904488
    1.963495408    0.589048623   19.129817310   13.287799246    4.960774113
    2.159844949    0.589048623   21.416344705    7.039339300    3.317423023
    2.356194490    0.589048623   22.026993175   -3.057772650    1.375957124
    2.552544031    0.589048623   20.601895736  -12.988919949   -0.461755113
    2.748893572    0.589048623   17.606903275  -18.433276352    0.423528309
    2.945243113    0.589048623   14.044934712  -19.318954411    3.383634245

   -3.141592654    0.785398163   11.320643585  -19.595249450    0.770454986
   -2.945243113    0.785398163    7.943465139  -15.821826595   -1.680528740
   -2.748893572    0.785398163    5.566527505  -10.492891227   -2.703354229
   -2.552544031    0.785398163    4.134469512   -6.047324920   -2.290688676
   -2.356194490    0.785398163    3.545150399   -2.012582901   -1.306526833
   -2.159844949    0.785398163    3.566532963   -0.357434547   -0.164296764
   -1.963495408    0.785398163    3.406901163   -3.885567874    0.386587369
   -1.767145868    0.785398163    2.467062762   -6.703099047   -0.638639120
   -1.570796327    0.785398163    1.679193768   -2.242287239   -2.328554734
   -1.374446786    0.785398163    2.019396416    3.277061852   -2.643090773
   -1.178097245    0.785398163    3.252704398    7.253921750   -2.302856173
   -0.981747704    0.785398163    5.144386354    9.375578155   -2.141985187
   -0.785398163    0.785398163    6.993583125    7.200952263   -0.874437165
   -0.589048623    0.785398163    8.357314940    5.285628553    0.363797022
   -0.392699082    0.785398163    9.581027790    5.195168314    0.085907961
   -0.196349541    0.785398163   10.663999917    3.769557524   -0.397217282
    0.000000000    0.785398163   11.381300778    1.297105195   -0.396987100
    0.196349541    0.785398163   11.392449229   -3.419909630   -0.400866914
    0.392699082    0.785398163   10.499455417   -6.828202113    0.371743336
    0.589048623    0.785398163    9.359567835   -6.405878227    2.310103863
    0.785398163    0.785398163    8.502466183   -3.764855097    4.598524921
    0.981747704    0.785398163    8.562232609    3.153770761    6.591976644
    1.178097245    0.785398163   10.064070621    9.551253223    7.729742657
    1.374446786    0.785398163   12.451327574   12.320035739    7.654293585
    1.570796327    0.785398163   15.074468655   12.103327510    6.468146764
    1.767145868    0.785398163   17.521337501   11.140484882    4.127173678
    1.963495408    0.785398163   19.921823978   11.094988528    1.762097942
    2.159844949    0.785398163   21.862133264    5.483173154    0.198087306
    2.356194490    0.785398163   22.152073847   -4.642554751   -1.233852923
    2.552544031    0.785398163   20.566913670  -12.638820941   -1.599963530
    2.748893572    0.785398163   17.921415692  -15.542357617    0.127163285
    2.945243113    0.785398163   14.863913746  -17.822245826    1.776611982

   -3.141592654    0.981747704   11.142486046  -21.219634696   -4.121235305
   -2.945243113    0.981747704    7.435306015  -17.063281081   -4.731159997
   -2.748893572    0.981747704    5.014972833   -9.647964132   -4.292510397
   -2.552544031    0.981747704    3.861249041   -4.404447024   -2.419553515
   -2.356194490    0.981747704    3.558748759   -0.803121067   -0.804785813
   -2.159844949    0.981747704    3.780914427    0.406570425   -0.029944289
   -1.963495408    0.981747704    3.643894911   -4.654845497   -0.510473104
   -1.767145868    0.981747704    2.370118292   -9.073016869   -2.736816144
   -1.570796327    0.981747704    1.149331160   -3.813994854   -5.013223934
   -1.374446786    0.981747704    1.393253100    3.773928700   -5.406300010
   -1.178097245    0.981747704    2.780489524    8.064360616   -4.102972895
   -0.981747704    0.981747704    4.827290898   10.357560807   -2.691406577
   -0.785398163    0.981747704    6.955547936    8.999432432   -1.357577317
   -0.589048623    0.981747704    8.637367620    6.386097764    0.170080999
   -0.392699082    0.981747704    9.900895526    4.522699323    0.529231934
   -0.196349541    0.981747704   10.779272469    2.614598766   -0.865846835
    0.000000000    0.981747704   11.325705171    0.765327868   -1.995598814
    0.196349541    0.981747704   11.304440011   -3.212192467   -1.667976594
    0.392699082    0.981747704   10.552921807   -5.629374181   -0.679169924
    0.589048623    0.981747704    9.719424355   -4.586761347    0.300068559
    0.785398163    0.981747704    9.256572787   -1.626740297    1.434221714
    0.981747704    0.981747704    9.732339080    5.067312116    2.974377620
    1.178097245    0.981747704   11.495300877   10.124601028    4.227627741
    1.374446786    0.981747704   13.842818630   11.469102051    4.438898353
    1.570796327    0.981747704   16.220811147   10.497627383    3.802715992
    1.767145868    0.981747704   18.333693763    9.458418163    2.887758687
    1.963495408    0.981747704   20.456244840    9.924919925    2.264703801
    2.159844949    0.981747704   22.152021436    3.965047918    1.110697914
    2.356194490    0.981747704   22.096735924   -6.305187932   -1.205274653
    2.552544031    0.981747704   20.341699929  -12.531311281   -2.719814309
    2.748893572    0.981747704   17.833462195  -14.606752212   -3.021000798
    2.945243113    0.981747704   14.870187094  -17.971442660   -3.526424081

   -3.141592654    1.178097245   10.454760183  -20.995297621   -3.574765950
   -2.945243113    1.178097245    6.791215014  -16.884104906   -2.868735362
   -2.748893572    1.178097245    4.448861548   -8.839762876   -2.980228565
   -2.552544031    1.178097245    3.524352798   -3.049210719   -2.990131449
   -2.356194490    1.178097245    3.465630886    0.241595295   -2.292500323
   -2.159844949    1.178097245    3.814915497    0.479592455   -1.619313273
   -1.963495408    1.178097245    3.526426983   -6.260148471   -2.333093146
   -1.767145868    1.178097245    1.859568788  -11.110755258   -3.676144732
   -1.570796327    1.178097245    0.324964583   -4.851102004   -4.400860060
   -1.374446786    1.178097245    0.512864149    4.304806287   -4.712293833
   -1.178097245    1.178097245    2.115117300    9.499527997   -4.270115688
   -0.981747704    1.178097245    4.410838421   11.349768748   -3.592657408
   -0.785398163    1.178097245    6.708577930    9.860803210   -3.307339139
   -0.589048623    1.178097245    8.577152327    7.242371527   -3.052361717
   -0.392699082    1.178097245    9.904062135    4.186881937   -2.836843568
   -0.196349541    1.178097245   10.636492794    1.796316595   -2.487133401
    0.000000000    1.178097245   11.146343759    1.384134189   -1.335299867
    0.196349541    1.178097245   11.376422046   -1.541456977    0.792146689
    0.392699082    1.178097245   10.935866579   -4.315471741    3.001900747
    0.589048623    1.178097245   10.278452881   -4.043513836    4.356404630
    0.785398163    1.178097245    9.887102995   -1.390311806    4.538129274
    0.981747704    1.178097245   10.385732214    5.067160589    3.237527452
    1.178097245    1.178097245   12.168355356   10.476250345    1.602982889
    1.374446786    1.178097245   14.645385992   12.319620952    2.158468413
    1.570796327    1.178097245   17.129202508   10.503399818    3.623688856
    1.767145868    1.178097245   19.164378600    8.834846177    3.486100096
    1.963495408    1.178097245   21.150894795    9.020522439    2.328889579
    2.159844949    1.178097245   22.540401122    1.635013369    0.252907488
    2.356194490    1.178097245   21.960872716   -8.793758658   -2.419200423
    2.552544031    1.178097245   19.888799790  -13.248439267   -3.714798017
    2.748893572    1.178097245   17.285754392  -15.162219901   -3.930855819
    2.945243113    1.178097245   14.195765934  -18.445991269   -4.158910037

   -3.141592654    1.374446786   10.305310271  -19.477319096   -0.198731476
   -2.945243113    1.374446786    6.776429434  -17.227377843    0.434762969
   -2.748893572    1.374446786    4.216667616  -10.366698941   -1.535868714
   -2.552544031    1.374446786    3.053687675   -3.620718046   -3.505840040
   -2.356194490    1.374446786    3.043308472    1.145154368   -3.501044401
   -2.159844949    1.374446786    3.546675209    0.773089133   -2.770063237
   -1.963495408    1.374446786    3.210288079   -6.755036760   -2.657513290
   -1.767145868    1.374446786    1.504832659  -10.931941354   -1.750113137
   -1.570796327    1.374446786    0.000000000   -5.000174428   -0.858363333
   -1.374446786    1.374446786    0.095512666    3.724914831   -1.488708386
   -1.178097245    1.374446786    1.620343993    9.312774382   -2.524853520
   -0.981747704    1.374446786    3.891325230   11.213821657   -3.265959551
   -0.785398163    1.374446786    6.152673826    9.548377325   -3.778971232
   -0.589048623    1.374446786    7.945194753    6.831635486   -4.685714032
   -0.392699082    1.374446786    9.278155434    4.947902539   -4.894773047
   -0.196349541    1.374446786   10.330541646    4.112346135   -2.297180705
    0.000000000    1.374446786   11.325475698    3.831030504    1.236585130
    0.196349541    1.374446786   12.013379847    0.759279592    3.626159554
    0.392699082    1.374446786   12.042088686   -1.855167088    5.957419199
    0.589048623    1.374446786   11.819509912   -2.228924587    8.756078552
    0.785398163    1.374446786   11.593775682   -1.837979162   10.166510570
    0.981747704    1.374446786   11.683735180    1.572311765    7.655595205
    1.178097245    1.374446786   12.790697336    8.050322840    2.905809536
    1.374446786    1.374446786   15.164184171   13.442726875    1.097199096
    1.570796327    1.374446786   17.901631350   11.213911714    1.612620132
    1.767145868    1.374446786   19.857060694    7.487238476    0.820739281
    1.963495408    1.374446786   21.489248953    6.915499705   -1.359431290
    2.159844949    1.374446786   22.430664436   -0.699519812   -3.535855415
    2.356194490    1.374446786   21.465410342  -10.174967232   -4.621806716
    2.552544031    1.374446786   19.240204136  -13.535683914   -5.070610545
    2.748893572    1.374446786   16.638015948  -14.858561194   -5.167062596
    2.945243113    1.374446786   13.715275913  -16.987993648   -3.190118826

   -3.141592654    1.570796327   10.405657924  -16.330625357   -1.511805017
   -2.945243113    1.570796327    7.084925656  -18.143796546    0.245310557
   -2.748893572    1.570796327    4.165223057  -12.524489340   -0.875021279
   -2.552544031    1.570796327    2.695881711   -4.289211209   -1.631366164
   -2.356194490    1.570796327    2.696995553    1.612017475   -1.573497987
   -2.159844949    1.570796327    3.231598438    0.533866644   -2.239757441
   -1.963495408    1.570796327    2.923749851   -5.739660128   -2.135105514
   -1.767145868    1.570796327    1.605389057   -8.514832400    0.970903555
   -1.570796327    1.570796327    0.399611614   -4.798338054    3.205480634
   -1.374446786    1.570796327    0.329147467    2.264792442    2.159396363
   -1.178097245    1.570796327    1.569903866    7.982242725    0.330148000
   -0.981747704    1.570796327    3.618133811   10.291837633   -1.211953368
   -0.785398163    1.570796327    5.722349559    8.669700057   -2.366947118
   -0.589048623    1.570796327    7.299780664    5.638661082   -3.436253086
   -0.392699082    1.570796327    8.550530483    5.849586423   -3.966843822
   -0.196349541    1.570796327   10.108487742    8.000049409   -1.935072270
    0.000000000    1.570796327   11.882197166    7.382650602    2.089912114
    0.196349541    1.570796327   13.104229009    2.879701682    5.318813551
    0.392699082    1.570796327   13.543350066    0.412388300    7.166863289
    0.589048623    1.570796327   13.769916229   -0.152773236    8.398869680
    0.785398163    1.570796327   13.732960877   -2.425193039    8.340781037
    0.981747704    1.570796327   13.328413989   -2.657624813    5.911089923
    1.178097245    1.570796327   13.539187890    4.002158050    2.172101833
    1.374446786    1.570796327   15.383055257   12.024491361   -1.049616338
    1.570796327    1.570796327   17.954193781   10.571540167   -3.199348534
    1.767145868    1.570796327   19.733038355    6.247193257   -3.884017930
    1.963495408    1.570796327   21.052920297    5.114919526   -4.419395542
    2.159844949    1.570796327   21.675370598   -1.867360195   -5.433718399
    2.356194490    1.570796327   20.592673012  -10.516199269   -5.907010634
    2.552544031    1.570796327   18.194829929  -15.001588675   -7.456284812
    2.748893572    1.570796327   15.403787384  -14.504535533   -9.386400591
    2.945243113    1.570796327   12.979616686  -12.639156173   -6.703200681

   -3.141592654    1.767145868    9.903910751  -12.053619716   -5.528447700
   -2.945243113    1.767145868    7.094320646  -17.091580767   -2.397983813
   -2.748893572    1.767145868    4.260197748  -12.301178835   -0.332047667
   -2.552544031    1.767145868    2.854195150   -3.947309890    1.024117269
   -2.356194490    1.767145868    2.806593624    0.530357191    0.439211961
   -2.159844949    1.767145868    3.004241080   -1.243176557   -2.133124155
   -1.963495408    1.767145868    2.689641807   -3.482979438   -2.324125325
   -1.767145868    1.767145868    2.145656244   -4.003723373    1.957838495
   -1.570796327    1.767145868    1.486022841   -4.291859588    4.922860080
   -1.374446786    1.767145868    1.188171119    0.150184164    3.783928822
   -1.178097245    1.767145868    2.021895961    6.028057809    1.725781330
   -0.981747704    1.767145868    3.696015838    8.483560931   -0.390533704
   -0.785398163    1.767145868    5.525830597    7.783302527   -1.866965627
   -0.589048623    1.767145868    7.005950216    5.314087596   -1.574820619
   -0.392699082    1.767145868    8.189736072    5.712791872   -1.562279964
   -0.196349541    1.767145868    9.925330591   10.254303181   -1.748414790
    0.000000000    1.767145868   12.375427579   11.606604922    0.869036183
    0.196349541    1.767145868   14.340520049    5.839594746    4.929579137
    0.392699082    1.767145868   15.136937371    1.145188338    6.803775780
    0.589048623    1.767145868   15.332938248   -1.051077488    5.491261012
    0.785398163    1.767145868   14.988927830   -4.517877746    2.592931716
    0.981747704    1.767145868   14.133671484   -5.052842554    0.408751806
    1.178097245    1.767145868   13.865677280    1.391615449   -0.961986218
    1.374446786    1.767145868   15.106631020    8.616451409   -3.729425964
    1.570796327    1.767145868   17.135253374    9.045734711   -6.643792939
    1.767145868    1.767145868   18.908536212    7.253803936   -5.973535483
    1.963495408    1.767145868   20.371902487    5.186297695   -4.175664225
    2.159844949    1.767145868   20.885603030   -2.676808059   -4.288126979
    2.356194490    1.767145868   19.655801588  -11.531649858   -5.159995587
    2.552544031    1.767145868   16.858191925  -18.026269779   -7.246040958
    2.748893572    1.767145868   13.574325636  -15.409738205   -9.918355614
    2.945243113    1.767145868   11.524590079   -8.269579371   -9.193440992

   -3.141592654    1.963495408    8.633138324  -10.174837398   -9.086090420
   -2.945243113    1.963495408    6.310984165  -14.100083054   -7.868333486
   -2.748893572    1.963495408    4.102086863   -9.226520369   -4.038998039
   -2.552544031    1.963495408    3.141206504   -2.804497365   -0.960603438
   -2.356194490    1.963495408    3.022070178   -1.280511595   -0.699375571
   -2.159844949    1.963495408    2.753646185   -3.405479996   -2.220987185
   -1.963495408    1.963495408    2.372117679   -1.684657916   -2.583365734
   -1.767145868    1.963495408    2.450345301   -0.440575149   -1.073578569
   -1.570796327    1.963495408    2.205197482   -3.936146739   -0.280059725
   -1.374446786    1.963495408    1.751582892   -1.247234595   -0.755133008
   -1.178097245    1.963495408    2.306252677    4.443091008   -1.454745586
   -0.981747704    1.963495408    3.595277302    6.368532406   -3.109783957
   -0.785398163    1.963495408    5.176926069    7.829999304   -4.035201347
   -0.589048623    1.963495408    6.893460062    7.025381241   -2.051307152
   -0.392699082    1.963495408    8.243428854    5.507764646   -0.198958670
   -0.196349541    1.963495408    9.911715226   10.523275889   -0.046590544
    0.000000000    1.963495408   12.698031363   14.673772941    0.930260695
    0.196349541    1.963495408   15.339319470    9.030874574    3.400789856
    0.392699082    1.963495408   16.494746896    1.170293420    5.053725925
    0.589048623    1.963495408   16.322632084   -4.408328112    2.790331877
    0.785398163    1.963495408   15.259306506   -7.767506435   -1.414903834
    0.981747704    1.963495408   13.987228287   -6.176453340   -3.500871670
    1.178097245    1.963495408   13.536701424    0.126662973   -4.259397987
    1.374446786    1.963495408   14.343543375    5.675701996   -5.882909926
    1.570796327    1.963495408   15.923206714    8.169559821   -7.368032055
    1.767145868    1.963495408   17.873252202    9.423155273   -6.565563568
    1.963495408    1.963495408   19.706909492    6.274946895   -5.041166966
    2.159844949    1.963495408   20.260039540   -3.031770196   -4.554317711
    2.356194490    1.963495408   18.944164499  -12.163203208   -4.311416253
    2.552544031    1.963495408   15.923719806  -19.774642150   -4.112803005
    2.748893572    1.963495408   12.262827639  -17.090156555   -4.878851106
    2.945243113    1.963495408   10.051448730   -8.142621033   -7.134408746

   -3.141592654    2.159844949    6.917061423  -13.084817245   -9.331412596
   -2.945243113    2.159844949    4.495567715  -12.180903772  -11.312188252
   -2.748893572    2.159844949    2.937302873   -5.323909486   -9.126426035
   -2.552544031    2.159844949    2.597861134   -0.707365852   -6.557308066
   -2.356194490    2.159844949    2.702783698   -0.853256333   -4.899567209
   -2.159844949    2.159844949    2.481730398   -3.148527383   -2.864708663
   -1.963495408    2.159844949    2.172994075   -1.273251776   -1.221351311
   -1.767145868    2.159844949    2.293181417   -0.515217621   -1.432179597
   -1.570796327    2.159844949    1.972305503   -4.441522374   -2.464903113
   -1.374446786    2.159844949    1.439919800   -1.543697546   -2.991415637
   -1.178097245    2.159844949    1.895964535    3.467062602   -3.762070473
   -0.981747704    2.159844949    2.896897421    4.772951878   -5.158347593
   -0.785398163    2.159844949    4.359672102    8.679564738   -5.425625598
   -0.589048623    2.159844949    6.524105396   10.249375627   -3.074260200
   -0.392699082    2.159844949    8.457517692    7.843529272    0.819407225
   -0.196349541    2.159844949   10.428758767   11.393525626    3.727127079
    0.000000000    2.159844949   13.334504054   15.311268050    4.131052146
    0.196349541    2.159844949   16.217005961   10.752034100    4.342920171
    0.392699082    2.159844949   17.585970202    0.695859339    4.658480761
    0.589048623    2.159844949   16.871816911   -8.965176722    1.079357149
    0.785398163    2.159844949   14.927351953  -11.230517483   -3.692935713
    0.981747704    2.159844949   13.262810388   -7.152846339   -5.503761569
    1.178097245    2.159844949   12.625688372   -1.051288648   -6.586757277
    1.374446786    2.159844949   13.149250383    4.184120221   -8.014625420
    1.570796327    2.159844949   14.533583444    7.864607451   -8.761531659
    1.767145868    2.159844949   16.555150809   10.320406928   -8.758868699
    1.963495408    2.159844949   18.572365083    7.095594371   -8.227558167
    2.159844949    2.159844949   19.250996496   -2.486941584   -7.612175668
    2.356194490    2.159844949   18.075682473  -11.163149022   -6.969250291
    2.552544031    2.159844949   15.347352948  -18.087307780   -4.759893187
    2.748893572    2.159844949   11.858426784  -17.643964518   -2.280562494
    2.945243113    2.159844949    9.141826898  -12.378648920   -4.242593130

   -3.141592654    2.356194490    5.699305409  -16.793354484   -4.905592564
   -2.945243113    2.356194490    2.824859011  -12.821242685   -6.805475270
   -2.748893572    2.356194490    1.366575405   -4.209018669   -7.634628540
   -2.552544031    2.356194490    1.201693471   -0.130311514   -8.390469279
   -2.356194490    2.356194490    1.485892530    0.816692050   -8.678136605
   -2.159844949    2.356194490    1.797468176    0.353467330   -6.189844651
   -1.963495408    2.356194490    2.096050200    0.892091605   -2.262437342
   -1.767145868    2.356194490    2.386591628   -0.690412509   -0.279593542
   -1.570796327    2.356194490    1.986084120   -4.769651209    0.290256486
   -1.374446786    2.356194490    1.375272606   -2.204590269    0.450044852
   -1.178097245    2.356194490    1.614535857    2.057353142   -0.554684724
   -0.981747704    2.356194490    2.390207440    4.145854979   -1.243438883
   -0.785398163    2.356194490    3.894261069    9.817526380   -0.461542131
   -0.589048623    2.356194490    6.492546838   13.590424321    1.723569546
   -0.392699082    2.356194490    9.245501839   12.349941941    5.934605684
   -0.196349541    2.356194490   11.898239810   13.275038670    9.483142754
    0.000000000    2.356194490   14.872020357   14.727449932    9.816916315
    0.196349541    2.356194490   17.704128363   10.771777460    9.178953582
    0.392699082    2.356194490   18.864958797   -2.315087563    6.321025994
    0.589048623    2.356194490   17.174429942  -14.986633654   -0.072547910
    0.785398163    2.356194490   14.281938781  -14.165655949   -4.592073323
    0.981747704    2.356194490   12.338232737   -7.792650927   -5.507210019
    1.178097245    2.356194490   11.502702256   -2.509766915   -6.273949746
    1.374446786    2.356194490   11.735459987    2.967213622   -7.577740555
    1.570796327    2.356194490   12.983194316    7.666140065   -8.150957401
    1.767145868    2.356194490   15.036431206   10.874134506   -7.743680532
    1.963495408    2.356194490   17.214551627    8.013931655   -6.563962612
    2.159844949    2.356194490   17.987666681   -2.608532677   -6.193311282
    2.356194490    2.356194490   16.735973974  -11.255007385   -7.674066790
    2.552544031    2.356194490   14.278889369  -15.223254117   -7.678585362
    2.748893572    2.356194490   11.396060322  -15.413795020   -4.825237121
    2.945243113    2.356194490    8.642526701  -14.983866758   -3.378706786

   -3.141592654    2.552544031    5.134583118  -17.093660763   -3.712340493
   -2.945243113    2.552544031    2.174792579  -13.268489948   -2.561698646
   -2.748893572    2.552544031    0.621909801   -4.860561171   -1.776071355
   -2.552544031    2.552544031    0.241115125   -1.707195367   -2.272804874
   -2.356194490    2.552544031    0.249095359    0.158024643   -4.229894066
   -2.159844949    2.552544031    0.738989942    2.806000336   -4.968163481
   -1.963495408    2.552544031    1.606354744    3.588860417   -3.808795525
   -1.767145868    2.552544031    2.256469326    0.452179074   -2.969192074
   -1.570796327    2.552544031    2.103075082   -3.204482261   -1.544286426
   -1.374446786    2.552544031    1.760573520   -1.376797825    0.922533970
   -1.178097245    2.552544031    2.004049870    1.614900207    2.078598338
   -0.981747704    2.552544031    2.773404196    4.779567697    2.585369857
   -0.785398163    2.552544031    4.524646358   11.603188750    4.106522645
   -0.589048623    2.552544031    7.592534467   16.793318745    6.657299939
   -0.392699082    2.552544031   11.121398846   16.526941106   10.196073309
   -0.196349541    2.552544031   14.388127760   14.980043401   12.915583636
    0.000000000    2.552544031   17.458787169   14.288038518   13.703460280
    0.196349541    2.552544031   19.999160496    7.670432292   10.949031905
    0.392699082    2.552544031   20.104537536   -9.567047457    2.924931056
    0.589048623    2.552544031   17.050399832  -20.479417687   -3.870093663
    0.785398163    2.552544031   13.548545408  -15.237062420   -5.098532326
    0.981747704    2.552544031   11.531802577   -7.943582266   -4.961417158
    1.178097245    2.552544031   10.624032737   -3.040972742   -4.829839569
    1.374446786    2.552544031   10.780005951    2.778750546   -3.870710747
    1.570796327    2.552544031   12.026643166    7.818122235   -2.957596199
    1.767145868    2.552544031   14.146239077   11.491340579   -2.908001308
    1.963495408    2.552544031   16.504657811    9.058065944   -2.824359899
    2.159844949    2.552544031   17.372543898   -3.035065913   -2.282949642
    2.356194490    2.552544031   15.848820595  -13.108593797   -2.782540158
    2.552544031    2.552544031   13.187248811  -15.026685935   -4.103466978
    2.748893572    2.552544031   10.546249660  -13.651137582   -4.685593126
    2.945243113    2.552544031    8.054380721  -14.289495132   -4.537579307

   -3.141592654    2.748893572    4.522266232  -15.679184144   -3.844671021
   -2.945243113    2.748893572    2.006679052  -10.514320134   -1.083825835
   -2.748893572    2.748893572    0.952411620   -2.882830890    2.564278067
   -2.552544031    2.748893572    0.743427334   -2.110880522    4.462057388
   -2.356194490    2.748893572    0.475923049   -1.753272250    3.919299809
   -2.159844949    2.748893572    0.686272746    2.075192913    2.492207259
   -1.963495408    2.748893572    1.475322127    3.220770952    1.192770914
   -1.767145868    2.748893572    2.047006316    0.329299919    0.125803759
   -1.570796327    2.748893572    2.080559803   -1.127907450    0.630247337
   -1.374446786    2.748893572    2.216558018    0.916833514    2.326045795
   -1.178097245    2.748893572    2.734887303    2.260106741    3.357503995
   -0.981747704    2.748893572    3.606579567    5.538503350    3.837678542
   -0.785398163    2.748893572    5.609121441   13.409239171    4.843903546
   -0.589048623    2.748893572    9.107553366   19.341997787    6.332724367
   -0.392699082    2.748893572   13.188551862   19.454029713    8.195871063
   -0.196349541    2.748893572   17.004869982   17.474910186   11.184921195
    0.000000000    2.748893572   20.319028715   13.362337689   12.620970302
    0.196349541    2.748893572   21.936838601   -0.889540463    5.958230330
    0.392699082    2.748893572   20.077751494  -18.862309993   -4.944912578
    0.589048623    2.748893572   15.952958338  -21.926107478   -8.548063849
    0.785398163    2.748893572   12.560017513  -14.111748991   -6.797699438
    0.981747704    2.748893572   10.622387317   -7.923587074   -6.412652200
    1.178097245    2.748893572    9.851762817   -1.403782504   -5.291397903
    1.374446786    2.748893572   10.480661090    5.498142862   -1.862500539
    1.570796327    2.748893572   12.121386909    8.723284285    1.073691009
    1.767145868    2.748893572   14.170611233   10.124417423    0.635658302
    1.963495408    2.748893572   16.261897724    8.215623479   -1.876570795
    2.159844949    2.748893572   17.177731005   -1.907529237   -2.108710635
    2.356194490    2.748893572   15.870352258  -12.428093962    0.298317529
    2.552544031    2.748893572   13.171521892  -15.988334471    1.486236209
    2.748893572    2.748893572   10.228135923  -15.569292104   -0.223751661
    2.945243113    2.748893572    7.410344267  -15.322678394   -3.144054968

   -3.141592654    2.945243113    4.357794629  -14.893715403    0.763528672
   -2.945243113    2.945243113    2.257467065   -7.641039321    2.006596329
   -2.748893572    2.945243113    1.712930074   -0.874018593    2.711456961
   -2.552544031    2.945243113    1.773346061   -1.329311407    2.914419983
   -2.356194490    2.945243113    1.556105190   -2.016757769    3.813464951
   -2.159844949    2.945243113    1.634764567    1.057910074    3.921629439
   -1.963495408    2.945243113    2.215023769    2.306948247    3.232576411
   -1.767145868    2.945243113    2.720027169    0.599110194    3.888171050
   -1.570796327    2.945243113    2.874697976   -0.493311525    4.844177539
   -1.374446786    2.945243113    3.073376596    1.024519812    4.032428706
   -1.178097245    2.945243113    3.646165306    2.960228434    3.983963829
   -0.981747704    2.945243113    4.740048085    6.989468027    6.362516492
   -0.785398163    2.945243113    7.002292470   14.418662340    8.385534857
   -0.589048623    2.945243113   10.614493765   19.662183667    8.132679644
   -0.392699082    2.945243113   14.875130415   21.427535004    8.178935085
   -0.196349541    2.945243113   19.266499561   20.474066728   10.479314038
    0.000000000    2.945243113   22.612902756    9.318496250    8.285335974
    0.196349541    2.945243113   22.588370705  -11.978628665   -1.415360318
    0.392699082    2.945243113   18.918802198  -24.328522278   -7.668140738
    0.589048623    2.945243113   14.534006548  -20.412163842   -6.591214019
    0.785398163    2.945243113   11.427298932  -13.546321910   -5.799631211
    0.981747704    2.945243113    9.478568945   -7.900561092   -6.279200612
    1.178097245    2.945243113    8.933068224    0.921894311   -5.366352408
    1.374446786    2.945243113   10.180174099    9.096521810   -3.197660892
    1.570796327    2.945243113   12.433177411   10.802596279   -0.431223955
    1.767145868    2.945243113   14.539431704    8.611131639    0.680353442
    1.963495408    2.945243113   16.172516832    5.885949900   -0.950802455
    2.159844949    2.945243113   16.960768258   -0.636214398   -1.825065274
    2.356194490    2.945243113   16.133279444   -9.564096551    0.173930681
    2.552544031    2.945243113   13.796367564  -15.429111125    2.106519091
    2.748893572    2.945243113   10.689681022  -17.575671214    2.209969359
    2.945243113    2.945243113    7.411919359  -17.465631430    1.149764192
